EXPERIMENT 3 (nn): Population Size
dataset,init,p,run,seed,init_best,best_cost,known_optimal,gap_percent,time_seconds
kroA200,nn,50,1,312042,30028.00,30028.00,29368,2.25,8.84
kroA200,nn,50,2,312043,30028.00,30028.00,29368,2.25,8.82
kroA200,nn,50,3,312044,30028.00,30028.00,29368,2.25,8.86
kroA200,nn,50,4,312045,30028.00,30028.00,29368,2.25,8.81
kroA200,nn,50,5,312046,30028.00,30028.00,29368,2.25,8.84
kroA200,nn,50,6,312047,30028.00,29777.00,29368,1.39,8.82
kroA200,nn,50,7,312048,30028.00,30028.00,29368,2.25,9.05
kroA200,nn,50,8,312049,30028.00,29849.00,29368,1.64,8.89
kroA200,nn,50,9,312050,30028.00,30028.00,29368,2.25,8.86
kroA200,nn,50,10,312051,30028.00,30028.00,29368,2.25,8.81
kroA200,nn,100,1,313042,30028.00,29849.00,29368,1.64,18.09
kroA200,nn,100,2,313043,30028.00,30028.00,29368,2.25,18.23
kroA200,nn,100,3,313044,30028.00,29856.00,29368,1.66,18.26
kroA200,nn,100,4,313045,30028.00,30028.00,29368,2.25,18.15
kroA200,nn,100,5,313046,30028.00,30028.00,29368,2.25,18.12
kroA200,nn,100,6,313047,30028.00,29855.00,29368,1.66,18.48
kroA200,nn,100,7,313048,30028.00,30028.00,29368,2.25,18.14
kroA200,nn,100,8,313049,30028.00,29956.00,29368,2.00,18.22
kroA200,nn,100,9,313050,30028.00,29823.00,29368,1.55,18.16
kroA200,nn,100,10,313051,30028.00,30028.00,29368,2.25,18.47
kroA200,nn,120,1,314042,29863.00,29776.00,29368,1.39,21.75
kroA200,nn,120,2,314043,29863.00,29863.00,29368,1.69,21.76
kroA200,nn,120,3,314044,29863.00,29863.00,29368,1.69,22.07
kroA200,nn,120,4,314045,29863.00,29863.00,29368,1.69,21.88
kroA200,nn,120,5,314046,29863.00,29727.00,29368,1.22,22.52
kroA200,nn,120,6,314047,29863.00,29863.00,29368,1.69,22.00
kroA200,nn,120,7,314048,29863.00,29863.00,29368,1.69,22.40
kroA200,nn,120,8,314049,29863.00,29863.00,29368,1.69,21.87
kroA200,nn,120,9,314050,29863.00,29863.00,29368,1.69,22.04
kroA200,nn,120,10,314051,29863.00,29724.00,29368,1.21,21.78
kroA200,nn,150,1,315042,29849.00,29849.00,29368,1.64,27.29
kroA200,nn,150,2,315043,29849.00,29849.00,29368,1.64,27.37
kroA200,nn,150,3,315044,29849.00,29839.00,29368,1.60,27.12
kroA200,nn,150,4,315045,29849.00,29724.00,29368,1.21,27.31
kroA200,nn,150,5,315046,29849.00,29724.00,29368,1.21,27.13
kroA200,nn,150,6,315047,29849.00,29849.00,29368,1.64,27.37
kroA200,nn,150,7,315048,29849.00,29849.00,29368,1.64,27.76
kroA200,nn,150,8,315049,29849.00,29849.00,29368,1.64,27.09
kroA200,nn,150,9,315050,29849.00,29849.00,29368,1.64,27.42
kroA200,nn,150,10,315051,29849.00,29849.00,29368,1.64,27.19

EXPERIMENT 6 (nn): Generations
dataset,init,G,run,seed,init_best,best_cost,known_optimal,gap_percent,time_seconds
kroA200,nn,100,1,315042,30028.00,30028.00,29368,2.25,14.36
kroA200,nn,100,2,315043,30028.00,29811.00,29368,1.51,14.56
kroA200,nn,100,3,315044,30028.00,30028.00,29368,2.25,14.41
kroA200,nn,100,4,315045,30028.00,30028.00,29368,2.25,14.44
kroA200,nn,100,5,315046,30028.00,29849.00,29368,1.64,14.40
kroA200,nn,100,6,315047,30028.00,30028.00,29368,2.25,14.53
kroA200,nn,100,7,315048,30028.00,30028.00,29368,2.25,14.37
kroA200,nn,100,8,315049,30028.00,29856.00,29368,1.66,14.49
kroA200,nn,100,9,315050,30028.00,29856.00,29368,1.66,14.36
kroA200,nn,100,10,315051,30028.00,29856.00,29368,1.66,14.35
kroA200,nn,300,1,316042,30028.00,30028.00,29368,2.25,16.46
kroA200,nn,300,2,316043,30028.00,29849.00,29368,1.64,16.37
kroA200,nn,300,3,316044,30028.00,30028.00,29368,2.25,16.23
kroA200,nn,300,4,316045,30028.00,30028.00,29368,2.25,16.30
kroA200,nn,300,5,316046,30028.00,29930.00,29368,1.91,16.52
kroA200,nn,300,6,316047,30028.00,29935.00,29368,1.93,16.28
kroA200,nn,300,7,316048,30028.00,29814.00,29368,1.52,16.29
kroA200,nn,300,8,316049,30028.00,29704.00,29368,1.14,16.31
kroA200,nn,300,9,316050,30028.00,30028.00,29368,2.25,16.49
kroA200,nn,300,10,316051,30028.00,29777.00,29368,1.39,16.36
kroA200,nn,500,1,317042,30028.00,30028.00,29368,2.25,18.59
kroA200,nn,500,2,317043,30028.00,30028.00,29368,2.25,19.18
kroA200,nn,500,3,317044,30028.00,30028.00,29368,2.25,20.12
kroA200,nn,500,4,317045,30028.00,29838.00,29368,1.60,19.09
kroA200,nn,500,5,317046,30028.00,29777.00,29368,1.39,18.24
kroA200,nn,500,6,317047,30028.00,30021.00,29368,2.22,19.33
kroA200,nn,500,7,317048,30028.00,30028.00,29368,2.25,19.00
kroA200,nn,500,8,317049,30028.00,30028.00,29368,2.25,19.07
kroA200,nn,500,9,317050,30028.00,30028.00,29368,2.25,18.72
kroA200,nn,500,10,317051,30028.00,30028.00,29368,2.25,18.43
kroA200,nn,800,1,318042,30028.00,29849.00,29368,1.64,21.17
kroA200,nn,800,2,318043,30028.00,30028.00,29368,2.25,21.14
kroA200,nn,800,3,318044,30028.00,30028.00,29368,2.25,21.38
kroA200,nn,800,4,318045,30028.00,30028.00,29368,2.25,21.08
kroA200,nn,800,5,318046,30028.00,30028.00,29368,2.25,21.28
kroA200,nn,800,6,318047,30028.00,30028.00,29368,2.25,21.31
kroA200,nn,800,7,318048,30028.00,29997.00,29368,2.14,21.13
kroA200,nn,800,8,318049,30028.00,30028.00,29368,2.25,21.11
kroA200,nn,800,9,318050,30028.00,30028.00,29368,2.25,21.29
kroA200,nn,800,10,318051,30028.00,30028.00,29368,2.25,21.12

EXPERIMENT 4 (nn): Mutation Rate
dataset,init,m,run,seed,init_best,best_cost,known_optimal,gap_percent,time_seconds
kroA200,nn,0.05,1,313042,30028.00,30028.00,29368,2.25,18.13
kroA200,nn,0.05,2,313043,30028.00,29849.00,29368,1.64,18.37
kroA200,nn,0.05,3,313044,30028.00,30028.00,29368,2.25,18.31
kroA200,nn,0.05,4,313045,30028.00,30028.00,29368,2.25,18.25
kroA200,nn,0.05,5,313046,30028.00,30028.00,29368,2.25,18.54
kroA200,nn,0.05,6,313047,30028.00,29867.00,29368,1.70,18.54
kroA200,nn,0.05,7,313048,30028.00,30028.00,29368,2.25,18.20
kroA200,nn,0.05,8,313049,30028.00,29849.00,29368,1.64,18.20
kroA200,nn,0.05,9,313050,30028.00,29823.00,29368,1.55,18.37
kroA200,nn,0.05,10,313051,30028.00,30015.00,29368,2.20,18.39
kroA200,nn,0.1,1,314042,30028.00,29930.00,29368,1.91,18.19
kroA200,nn,0.1,2,314043,30028.00,29788.00,29368,1.43,18.25
kroA200,nn,0.1,3,314044,30028.00,29867.00,29368,1.70,18.38
kroA200,nn,0.1,4,314045,30028.00,29985.00,29368,2.10,18.24
kroA200,nn,0.1,5,314046,30028.00,30028.00,29368,2.25,18.16
kroA200,nn,0.1,6,314047,30028.00,30028.00,29368,2.25,18.28
kroA200,nn,0.1,7,314048,30028.00,30028.00,29368,2.25,18.49
kroA200,nn,0.1,8,314049,30028.00,30028.00,29368,2.25,18.20
kroA200,nn,0.1,9,314050,30028.00,29856.00,29368,1.66,18.14
kroA200,nn,0.1,10,314051,30028.00,30028.00,29368,2.25,18.41
kroA200,nn,0.2,1,315042,30028.00,29867.00,29368,1.70,18.53
kroA200,nn,0.2,2,315043,30028.00,29856.00,29368,1.66,18.32
kroA200,nn,0.2,3,315044,30028.00,30028.00,29368,2.25,18.41
kroA200,nn,0.2,4,315045,30028.00,30028.00,29368,2.25,18.63
kroA200,nn,0.2,5,315046,30028.00,29963.00,29368,2.03,18.40
kroA200,nn,0.2,6,315047,30028.00,30028.00,29368,2.25,18.29
kroA200,nn,0.2,7,315048,30028.00,30028.00,29368,2.25,18.50
kroA200,nn,0.2,8,315049,30028.00,30028.00,29368,2.25,18.60
kroA200,nn,0.2,9,315050,30028.00,30028.00,29368,2.25,18.37
kroA200,nn,0.2,10,315051,30028.00,29856.00,29368,1.66,18.41
kroA200,nn,0.4,1,316042,30028.00,30028.00,29368,2.25,18.62
kroA200,nn,0.4,2,316043,30028.00,29973.00,29368,2.06,18.41
kroA200,nn,0.4,3,316044,30028.00,29818.00,29368,1.53,18.40
kroA200,nn,0.4,4,316045,30028.00,29785.00,29368,1.42,18.39
kroA200,nn,0.4,5,316046,30028.00,29842.00,29368,1.61,18.79
kroA200,nn,0.4,6,316047,30028.00,30028.00,29368,2.25,18.46
kroA200,nn,0.4,7,316048,30028.00,30028.00,29368,2.25,18.22
kroA200,nn,0.4,8,316049,30028.00,30028.00,29368,2.25,18.53
kroA200,nn,0.4,9,316050,30028.00,29956.00,29368,2.00,18.35
kroA200,nn,0.4,10,316051,30028.00,29777.00,29368,1.39,18.25

EXPERIMENT 5 (nn): Replacement Rate
dataset,init,r,run,seed,init_best,best_cost,known_optimal,gap_percent,time_seconds
kroA200,nn,0.3,1,314042,30028.00,30028.00,29368,2.25,17.86
kroA200,nn,0.3,2,314043,30028.00,30028.00,29368,2.25,18.07
kroA200,nn,0.3,3,314044,30028.00,29777.00,29368,1.39,17.87
kroA200,nn,0.3,4,314045,30028.00,30028.00,29368,2.25,18.04
kroA200,nn,0.3,5,314046,30028.00,30028.00,29368,2.25,18.11
kroA200,nn,0.3,6,314047,30028.00,30028.00,29368,2.25,18.28
kroA200,nn,0.3,7,314048,30028.00,30028.00,29368,2.25,17.99
kroA200,nn,0.3,8,314049,30028.00,30028.00,29368,2.25,18.13
kroA200,nn,0.3,9,314050,30028.00,30028.00,29368,2.25,18.11
kroA200,nn,0.3,10,314051,30028.00,30028.00,29368,2.25,18.12
kroA200,nn,0.5,1,315042,30028.00,29849.00,29368,1.64,18.20
kroA200,nn,0.5,2,315043,30028.00,30028.00,29368,2.25,18.13
kroA200,nn,0.5,3,315044,30028.00,30028.00,29368,2.25,18.41
kroA200,nn,0.5,4,315045,30028.00,30028.00,29368,2.25,19.19
kroA200,nn,0.5,5,315046,30028.00,30028.00,29368,2.25,19.49
kroA200,nn,0.5,6,315047,30028.00,30028.00,29368,2.25,20.58
kroA200,nn,0.5,7,315048,30028.00,30028.00,29368,2.25,19.31
kroA200,nn,0.5,8,315049,30028.00,30028.00,29368,2.25,18.47
kroA200,nn,0.5,9,315050,30028.00,29849.00,29368,1.64,18.27
kroA200,nn,0.5,10,315051,30028.00,30028.00,29368,2.25,18.53
kroA200,nn,0.7,1,316042,30028.00,30028.00,29368,2.25,18.39
kroA200,nn,0.7,2,316043,30028.00,29849.00,29368,1.64,18.38
kroA200,nn,0.7,3,316044,30028.00,30028.00,29368,2.25,18.67
kroA200,nn,0.7,4,316045,30028.00,30028.00,29368,2.25,18.34
kroA200,nn,0.7,5,316046,30028.00,29930.00,29368,1.91,18.18
kroA200,nn,0.7,6,316047,30028.00,29935.00,29368,1.93,18.23
kroA200,nn,0.7,7,316048,30028.00,29814.00,29368,1.52,18.58
kroA200,nn,0.7,8,316049,30028.00,29704.00,29368,1.14,18.37
kroA200,nn,0.7,9,316050,30028.00,30028.00,29368,2.25,18.43
kroA200,nn,0.7,10,316051,30028.00,29777.00,29368,1.39,18.60
kroA200,nn,0.9,1,317042,30028.00,29887.00,29368,1.77,18.66
kroA200,nn,0.9,2,317043,30028.00,29840.00,29368,1.61,18.50
kroA200,nn,0.9,3,317044,30028.00,30028.00,29368,2.25,18.47
kroA200,nn,0.9,4,317045,30028.00,29972.00,29368,2.06,18.73
kroA200,nn,0.9,5,317046,30028.00,30028.00,29368,2.25,18.56
kroA200,nn,0.9,6,317047,30028.00,30021.00,29368,2.22,18.35
kroA200,nn,0.9,7,317048,30028.00,29861.00,29368,1.68,18.39
kroA200,nn,0.9,8,317049,30028.00,30028.00,29368,2.25,18.63
kroA200,nn,0.9,9,317050,30028.00,30028.00,29368,2.25,18.36
kroA200,nn,0.9,10,317051,30028.00,30028.00,29368,2.25,18.39

