EXPERIMENT 3 (angle): Population Size
dataset,init_method,p,run,seed,best_cost,init_best,gap_percent,time_seconds
berlin52,angle,50,1,122042,8970.00,14423.00,18.93,0.65
berlin52,angle,50,2,122043,8383.00,15415.00,11.15,0.65
berlin52,angle,50,3,122044,8623.00,13696.00,14.33,0.65
berlin52,angle,50,4,122045,8712.00,15404.00,15.51,0.65
berlin52,angle,50,5,122046,9182.00,15206.00,21.74,0.65
berlin52,angle,50,6,122047,8665.00,13581.00,14.89,0.64
berlin52,angle,50,7,122048,8799.00,14921.00,16.67,0.65
berlin52,angle,50,8,122049,8228.00,15063.00,9.10,0.65
berlin52,angle,50,9,122050,9023.00,14636.00,19.64,0.65
berlin52,angle,50,10,122051,8374.00,15592.00,11.03,0.65
berlin52,angle,50,11,122052,8588.00,15014.00,13.87,0.65
berlin52,angle,50,12,122053,8117.00,15117.00,7.62,0.64
berlin52,angle,50,13,122054,9016.00,15082.00,19.54,0.65
berlin52,angle,50,14,122055,8945.00,14474.00,18.60,0.65
berlin52,angle,50,15,122056,8761.00,15069.00,16.16,0.68
berlin52,angle,50,16,122057,8334.00,14973.00,10.50,0.67
berlin52,angle,50,17,122058,8765.00,15001.00,16.22,0.66
berlin52,angle,50,18,122059,8696.00,15260.00,15.30,0.65
berlin52,angle,50,19,122060,8896.00,14315.00,17.95,0.67
berlin52,angle,50,20,122061,8455.00,14703.00,12.11,0.66
berlin52,angle,50,21,122062,8610.00,13969.00,14.16,0.66
berlin52,angle,50,22,122063,8976.00,14979.00,19.01,0.65
berlin52,angle,50,23,122064,8266.00,15242.00,9.60,0.65
berlin52,angle,50,24,122065,8783.00,14376.00,16.45,0.66
berlin52,angle,50,25,122066,8767.00,14956.00,16.24,0.66
berlin52,angle,50,26,122067,8590.00,15025.00,13.90,0.66
berlin52,angle,50,27,122068,9147.00,13394.00,21.28,0.66
berlin52,angle,50,28,122069,8320.00,14374.00,10.32,0.66
berlin52,angle,50,29,122070,8729.00,14816.00,15.74,0.66
berlin52,angle,50,30,122071,9138.00,15084.00,21.16,0.66
berlin52,angle,100,1,123042,8187.00,14257.00,8.55,1.36
berlin52,angle,100,2,123043,8554.00,14860.00,13.42,1.31
berlin52,angle,100,3,123044,8054.00,13712.00,6.79,1.34
berlin52,angle,100,4,123045,8348.00,14679.00,10.69,1.25
berlin52,angle,100,5,123046,8378.00,15018.00,11.08,1.25
berlin52,angle,100,6,123047,8680.00,14532.00,15.09,1.23
berlin52,angle,100,7,123048,8594.00,15256.00,13.95,1.26
berlin52,angle,100,8,123049,8336.00,14242.00,10.53,1.24
berlin52,angle,100,9,123050,8582.00,14350.00,13.79,1.23
berlin52,angle,100,10,123051,8024.00,14602.00,6.39,1.22
berlin52,angle,100,11,123052,8850.00,14097.00,17.34,1.22
berlin52,angle,100,12,123053,8049.00,14576.00,6.72,1.20
berlin52,angle,100,13,123054,8521.00,14116.00,12.98,1.23
berlin52,angle,100,14,123055,8623.00,15207.00,14.33,1.21
berlin52,angle,100,15,123056,8655.00,14740.00,14.76,1.24
berlin52,angle,100,16,123057,8387.00,15302.00,11.20,1.24
berlin52,angle,100,17,123058,8187.00,14552.00,8.55,1.20
berlin52,angle,100,18,123059,8144.00,14730.00,7.98,1.24
berlin52,angle,100,19,123060,8561.00,14638.00,13.51,1.23
berlin52,angle,100,20,123061,8544.00,12959.00,13.29,1.21
berlin52,angle,100,21,123062,7975.00,14415.00,5.74,1.21
berlin52,angle,100,22,123063,8591.00,14621.00,13.91,1.21
berlin52,angle,100,23,123064,8125.00,14392.00,7.73,1.24
berlin52,angle,100,24,123065,8380.00,14384.00,11.11,1.21
berlin52,angle,100,25,123066,8195.00,13864.00,8.66,1.23
berlin52,angle,100,26,123067,8449.00,14740.00,12.03,1.22
berlin52,angle,100,27,123068,8640.00,13603.00,14.56,1.22
berlin52,angle,100,28,123069,8412.00,14466.00,11.54,1.22
berlin52,angle,100,29,123070,8128.00,14271.00,7.77,1.24
berlin52,angle,100,30,123071,8612.00,14498.00,14.19,1.24
berlin52,angle,120,1,124042,8036.00,15033.00,6.55,1.44
berlin52,angle,120,2,124043,8211.00,14391.00,8.87,1.46
berlin52,angle,120,3,124044,8758.00,15436.00,16.12,1.45
berlin52,angle,120,4,124045,8136.00,14344.00,7.88,1.45
berlin52,angle,120,5,124046,8226.00,13895.00,9.07,1.46
berlin52,angle,120,6,124047,8035.00,14792.00,6.54,1.45
berlin52,angle,120,7,124048,8216.00,14702.00,8.94,1.49
berlin52,angle,120,8,124049,8270.00,14379.00,9.65,1.48
berlin52,angle,120,9,124050,8251.00,14030.00,9.40,1.49
berlin52,angle,120,10,124051,8441.00,14351.00,11.92,1.49
berlin52,angle,120,11,124052,8408.00,14003.00,11.48,1.48
berlin52,angle,120,12,124053,8776.00,13952.00,16.36,1.53
berlin52,angle,120,13,124054,8342.00,14037.00,10.61,1.56
berlin52,angle,120,14,124055,8231.00,13907.00,9.14,1.55
berlin52,angle,120,15,124056,8504.00,14100.00,12.76,1.55
berlin52,angle,120,16,124057,8606.00,14630.00,14.11,1.58
berlin52,angle,120,17,124058,7685.00,14307.00,1.90,1.62
berlin52,angle,120,18,124059,8438.00,14730.00,11.88,1.58
berlin52,angle,120,19,124060,8232.00,14645.00,9.15,1.60
berlin52,angle,120,20,124061,8699.00,14499.00,15.34,1.83
berlin52,angle,120,21,124062,7955.00,14889.00,5.48,1.57
berlin52,angle,120,22,124063,8045.00,13851.00,6.67,1.56
berlin52,angle,120,23,124064,8618.00,14105.00,14.27,1.52
berlin52,angle,120,24,124065,7706.00,14122.00,2.17,1.53
berlin52,angle,120,25,124066,8500.00,14046.00,12.70,1.52
berlin52,angle,120,26,124067,8090.00,14592.00,7.27,1.49
berlin52,angle,120,27,124068,8337.00,14390.00,10.54,1.51
berlin52,angle,120,28,124069,8291.00,14820.00,9.93,1.50
berlin52,angle,120,29,124070,8481.00,13971.00,12.45,1.52
berlin52,angle,120,30,124071,8526.00,14357.00,13.05,1.55
berlin52,angle,150,1,125042,8692.00,13471.00,15.25,1.86
berlin52,angle,150,2,125043,8143.00,14914.00,7.97,1.91
berlin52,angle,150,3,125044,8145.00,14410.00,8.00,2.04
berlin52,angle,150,4,125045,8112.00,14920.00,7.56,2.06
berlin52,angle,150,5,125046,8295.00,14787.00,9.98,2.04
berlin52,angle,150,6,125047,8020.00,14405.00,6.34,2.12
berlin52,angle,150,7,125048,8373.00,14195.00,11.02,2.06
berlin52,angle,150,8,125049,8387.00,14388.00,11.20,1.93
berlin52,angle,150,9,125050,8489.00,14187.00,12.56,2.01
berlin52,angle,150,10,125051,8663.00,13836.00,14.86,1.91
berlin52,angle,150,11,125052,8449.00,14466.00,12.03,2.50
berlin52,angle,150,12,125053,8031.00,14613.00,6.48,2.78
berlin52,angle,150,13,125054,8664.00,14253.00,14.88,2.33
berlin52,angle,150,14,125055,8041.00,14199.00,6.62,2.46
berlin52,angle,150,15,125056,8384.00,14374.00,11.16,2.24
berlin52,angle,150,16,125057,8005.00,14847.00,6.14,1.86
berlin52,angle,150,17,125058,8118.00,14450.00,7.64,1.92
berlin52,angle,150,18,125059,8491.00,13763.00,12.58,1.84
berlin52,angle,150,19,125060,8418.00,14631.00,11.61,1.96
berlin52,angle,150,20,125061,8249.00,14425.00,9.37,1.95
berlin52,angle,150,21,125062,8460.00,14052.00,12.17,1.98
berlin52,angle,150,22,125063,7949.00,14582.00,5.40,1.95
berlin52,angle,150,23,125064,8819.00,14536.00,16.93,1.94
berlin52,angle,150,24,125065,8397.00,13898.00,11.34,1.93
berlin52,angle,150,25,125066,8233.00,14319.00,9.16,1.98
berlin52,angle,150,26,125067,8094.00,14954.00,7.32,2.08
berlin52,angle,150,27,125068,8503.00,14320.00,12.74,1.98
berlin52,angle,150,28,125069,8513.00,14054.00,12.87,1.91
berlin52,angle,150,29,125070,8148.00,14219.00,8.04,2.01
berlin52,angle,150,30,125071,8799.00,14684.00,16.67,2.02

EXPERIMENT 6 (angle): Generations
dataset,init_method,G,run,seed,best_cost,init_best,gap_percent,time_seconds
berlin52,angle,100,1,125042,9350.00,14257.00,23.97,0.26
berlin52,angle,100,2,125043,9514.00,15286.00,26.15,0.26
berlin52,angle,100,3,125044,8920.00,14410.00,18.27,0.25
berlin52,angle,100,4,125045,9381.00,14920.00,24.38,0.24
berlin52,angle,100,5,125046,9522.00,14787.00,26.25,0.25
berlin52,angle,100,6,125047,9211.00,14405.00,22.13,0.25
berlin52,angle,100,7,125048,9586.00,14195.00,27.10,0.28
berlin52,angle,100,8,125049,9531.00,14388.00,26.37,0.25
berlin52,angle,100,9,125050,9278.00,14187.00,23.02,0.25
berlin52,angle,100,10,125051,9524.00,13836.00,26.28,0.25
berlin52,angle,100,11,125052,9155.00,14597.00,21.39,0.25
berlin52,angle,100,12,125053,8599.00,14613.00,14.01,0.25
berlin52,angle,100,13,125054,9433.00,14253.00,25.07,0.25
berlin52,angle,100,14,125055,8765.00,14715.00,16.22,0.24
berlin52,angle,100,15,125056,9306.00,14374.00,23.39,0.24
berlin52,angle,100,16,125057,8719.00,14847.00,15.61,0.24
berlin52,angle,100,17,125058,9618.00,14450.00,27.53,0.24
berlin52,angle,100,18,125059,9035.00,13763.00,19.80,0.25
berlin52,angle,100,19,125060,8876.00,14631.00,17.69,0.25
berlin52,angle,100,20,125061,8619.00,14815.00,14.28,0.25
berlin52,angle,100,21,125062,8983.00,14052.00,19.11,0.25
berlin52,angle,100,22,125063,9159.00,15216.00,21.44,0.25
berlin52,angle,100,23,125064,9374.00,14536.00,24.29,0.25
berlin52,angle,100,24,125065,9236.00,13898.00,22.46,0.27
berlin52,angle,100,25,125066,9815.00,14319.00,30.14,0.25
berlin52,angle,100,26,125067,9047.00,15087.00,19.95,0.26
berlin52,angle,100,27,125068,9090.00,14320.00,20.53,0.26
berlin52,angle,100,28,125069,9223.00,14054.00,22.29,0.27
berlin52,angle,100,29,125070,8907.00,14530.00,18.10,0.26
berlin52,angle,100,30,125071,9648.00,14684.00,27.92,0.27
berlin52,angle,300,1,126042,8835.00,14406.00,17.14,0.77
berlin52,angle,300,2,126043,8484.00,14341.00,12.49,0.80
berlin52,angle,300,3,126044,8670.00,15249.00,14.96,0.81
berlin52,angle,300,4,126045,8560.00,14451.00,13.50,0.78
berlin52,angle,300,5,126046,8499.00,14723.00,12.69,0.88
berlin52,angle,300,6,126047,8463.00,15171.00,12.21,0.81
berlin52,angle,300,7,126048,8021.00,14570.00,6.35,0.89
berlin52,angle,300,8,126049,8381.00,14640.00,11.12,0.78
berlin52,angle,300,9,126050,8165.00,15122.00,8.26,0.86
berlin52,angle,300,10,126051,8404.00,14513.00,11.43,0.78
berlin52,angle,300,11,126052,8481.00,14572.00,12.45,0.77
berlin52,angle,300,12,126053,8291.00,14872.00,9.93,0.81
berlin52,angle,300,13,126054,8497.00,14519.00,12.66,0.94
berlin52,angle,300,14,126055,8563.00,14380.00,13.54,0.91
berlin52,angle,300,15,126056,8566.00,14464.00,13.58,1.10
berlin52,angle,300,16,126057,8624.00,14802.00,14.35,1.44
berlin52,angle,300,17,126058,8580.00,14578.00,13.76,1.15
berlin52,angle,300,18,126059,8049.00,14780.00,6.72,1.50
berlin52,angle,300,19,126060,8499.00,14400.00,12.69,3.25
berlin52,angle,300,20,126061,9219.00,14469.00,22.24,3.67
berlin52,angle,300,21,126062,8192.00,14465.00,8.62,1.80
berlin52,angle,300,22,126063,8785.00,14674.00,16.48,0.88
berlin52,angle,300,23,126064,8472.00,14585.00,12.33,0.89
berlin52,angle,300,24,126065,8815.00,14399.00,16.88,0.91
berlin52,angle,300,25,126066,8855.00,14445.00,17.41,1.08
berlin52,angle,300,26,126067,8118.00,14695.00,7.64,1.57
berlin52,angle,300,27,126068,8549.00,14772.00,13.35,1.57
berlin52,angle,300,28,126069,8768.00,14218.00,16.26,1.09
berlin52,angle,300,29,126070,8670.00,14454.00,14.96,1.15
berlin52,angle,300,30,126071,8453.00,15023.00,12.08,1.08
berlin52,angle,500,1,127042,8187.00,14124.00,8.55,1.45
berlin52,angle,500,2,127043,8442.00,14714.00,11.93,1.49
berlin52,angle,500,3,127044,7957.00,14080.00,5.50,1.36
berlin52,angle,500,4,127045,8453.00,14442.00,12.08,1.44
berlin52,angle,500,5,127046,8228.00,14203.00,9.10,1.51
berlin52,angle,500,6,127047,8279.00,14059.00,9.77,1.63
berlin52,angle,500,7,127048,8139.00,14994.00,7.92,1.42
berlin52,angle,500,8,127049,7743.00,15003.00,2.67,1.43
berlin52,angle,500,9,127050,8350.00,14402.00,10.71,1.39
berlin52,angle,500,10,127051,8313.00,14559.00,10.22,1.31
berlin52,angle,500,11,127052,8416.00,15241.00,11.59,1.50
berlin52,angle,500,12,127053,8140.00,14157.00,7.93,1.28
berlin52,angle,500,13,127054,8378.00,14402.00,11.08,1.49
berlin52,angle,500,14,127055,8211.00,14232.00,8.87,1.51
berlin52,angle,500,15,127056,8295.00,13534.00,9.98,1.40
berlin52,angle,500,16,127057,8247.00,14251.00,9.35,1.94
berlin52,angle,500,17,127058,8523.00,14759.00,13.01,1.90
berlin52,angle,500,18,127059,8524.00,14246.00,13.02,2.81
berlin52,angle,500,19,127060,8296.00,14594.00,10.00,2.07
berlin52,angle,500,20,127061,8715.00,14711.00,15.55,2.13
berlin52,angle,500,21,127062,8451.00,14622.00,12.05,1.88
berlin52,angle,500,22,127063,8434.00,14604.00,11.83,1.57
berlin52,angle,500,23,127064,8401.00,14233.00,11.39,1.67
berlin52,angle,500,24,127065,8873.00,14227.00,17.65,1.52
berlin52,angle,500,25,127066,8049.00,14466.00,6.72,1.56
berlin52,angle,500,26,127067,7882.00,14310.00,4.51,1.99
berlin52,angle,500,27,127068,8487.00,14732.00,12.53,2.01
berlin52,angle,500,28,127069,8236.00,14246.00,9.20,1.74
berlin52,angle,500,29,127070,8443.00,15005.00,11.95,1.65
berlin52,angle,500,30,127071,8073.00,14450.00,7.04,1.50
berlin52,angle,800,1,128042,8385.00,14210.00,11.18,2.32
berlin52,angle,800,2,128043,8784.00,14367.00,16.47,2.95
berlin52,angle,800,3,128044,8530.00,14954.00,13.10,3.12
berlin52,angle,800,4,128045,8539.00,13857.00,13.22,2.82
berlin52,angle,800,5,128046,8181.00,14821.00,8.47,2.49
berlin52,angle,800,6,128047,8648.00,14864.00,14.66,2.38
berlin52,angle,800,7,128048,8694.00,14999.00,15.27,2.40
berlin52,angle,800,8,128049,7916.00,14443.00,4.96,2.18
berlin52,angle,800,9,128050,8121.00,13700.00,7.68,2.67
berlin52,angle,800,10,128051,8025.00,14580.00,6.40,3.66
berlin52,angle,800,11,128052,8541.00,14147.00,13.25,3.08
berlin52,angle,800,12,128053,8233.00,14261.00,9.16,2.87
berlin52,angle,800,13,128054,7987.00,14320.00,5.90,2.81
berlin52,angle,800,14,128055,8786.00,14806.00,16.49,3.67
berlin52,angle,800,15,128056,8289.00,14645.00,9.90,6.47
berlin52,angle,800,16,128057,8489.00,15071.00,12.56,6.32
berlin52,angle,800,17,128058,8129.00,14329.00,7.78,6.82
berlin52,angle,800,18,128059,9134.00,15027.00,21.11,3.76
berlin52,angle,800,19,128060,8710.00,14910.00,15.49,3.68
berlin52,angle,800,20,128061,8878.00,14438.00,17.71,3.64
berlin52,angle,800,21,128062,8479.00,14989.00,12.42,6.66
berlin52,angle,800,22,128063,8463.00,14533.00,12.21,7.43
berlin52,angle,800,23,128064,8574.00,14688.00,13.68,4.22
berlin52,angle,800,24,128065,8380.00,14829.00,11.11,3.67
berlin52,angle,800,25,128066,8785.00,14380.00,16.48,2.83
berlin52,angle,800,26,128067,8355.00,14972.00,10.78,2.99
berlin52,angle,800,27,128068,7959.00,14565.00,5.53,2.83
berlin52,angle,800,28,128069,8107.00,14077.00,7.49,2.96
berlin52,angle,800,29,128070,8516.00,14664.00,12.91,2.62
berlin52,angle,800,30,128071,8816.00,14247.00,16.89,4.14

EXPERIMENT 4 (angle): Mutation Rate
dataset,init_method,m,run,seed,best_cost,init_best,gap_percent,time_seconds
berlin52,angle,0.05,1,123042,8387.00,14257.00,11.20,2.73
berlin52,angle,0.05,2,123043,8203.00,14860.00,8.76,2.79
berlin52,angle,0.05,3,123044,8549.00,13712.00,13.35,4.04
berlin52,angle,0.05,4,123045,8363.00,14679.00,10.89,4.29
berlin52,angle,0.05,5,123046,8401.00,15018.00,11.39,3.08
berlin52,angle,0.05,6,123047,8320.00,14532.00,10.32,3.54
berlin52,angle,0.05,7,123048,8633.00,15256.00,14.47,3.15
berlin52,angle,0.05,8,123049,8954.00,14242.00,18.72,3.24
berlin52,angle,0.05,9,123050,8706.00,14350.00,15.43,3.24
berlin52,angle,0.05,10,123051,8534.00,14602.00,13.15,2.34
berlin52,angle,0.05,11,123052,8574.00,14097.00,13.68,2.10
berlin52,angle,0.05,12,123053,8333.00,14576.00,10.49,1.85
berlin52,angle,0.05,13,123054,8607.00,14116.00,14.12,1.86
berlin52,angle,0.05,14,123055,8574.00,15207.00,13.68,1.87
berlin52,angle,0.05,15,123056,8656.00,14740.00,14.77,2.05
berlin52,angle,0.05,16,123057,9178.00,15302.00,21.69,2.13
berlin52,angle,0.05,17,123058,8507.00,14552.00,12.80,2.86
berlin52,angle,0.05,18,123059,8240.00,14730.00,9.25,2.27
berlin52,angle,0.05,19,123060,8712.00,14638.00,15.51,5.32
berlin52,angle,0.05,20,123061,8502.00,12959.00,12.73,4.96
berlin52,angle,0.05,21,123062,8223.00,14415.00,9.03,2.11
berlin52,angle,0.05,22,123063,8895.00,14621.00,17.94,2.24
berlin52,angle,0.05,23,123064,8834.00,14392.00,17.13,2.11
berlin52,angle,0.05,24,123065,8415.00,14384.00,11.58,2.32
berlin52,angle,0.05,25,123066,8472.00,13864.00,12.33,2.29
berlin52,angle,0.05,26,123067,8490.00,14740.00,12.57,2.26
berlin52,angle,0.05,27,123068,8777.00,13603.00,16.37,2.21
berlin52,angle,0.05,28,123069,8650.00,14466.00,14.69,2.15
berlin52,angle,0.05,29,123070,8579.00,14271.00,13.75,2.64
berlin52,angle,0.05,30,123071,8564.00,14498.00,13.55,2.41
berlin52,angle,0.1,1,124042,8189.00,15033.00,8.58,2.05
berlin52,angle,0.1,2,124043,8524.00,14391.00,13.02,2.04
berlin52,angle,0.1,3,124044,8348.00,15499.00,10.69,2.04
berlin52,angle,0.1,4,124045,9085.00,14344.00,20.46,1.73
berlin52,angle,0.1,5,124046,8391.00,13895.00,11.26,1.56
berlin52,angle,0.1,6,124047,8499.00,14792.00,12.69,1.87
berlin52,angle,0.1,7,124048,8587.00,14959.00,13.86,1.93
berlin52,angle,0.1,8,124049,8756.00,14863.00,16.10,3.58
berlin52,angle,0.1,9,124050,8448.00,14487.00,12.01,2.61
berlin52,angle,0.1,10,124051,8296.00,14351.00,10.00,2.46
berlin52,angle,0.1,11,124052,8803.00,14003.00,16.72,2.49
berlin52,angle,0.1,12,124053,8117.00,13952.00,7.62,2.28
berlin52,angle,0.1,13,124054,8349.00,14695.00,10.70,2.22
berlin52,angle,0.1,14,124055,8573.00,13907.00,13.67,2.08
berlin52,angle,0.1,15,124056,8472.00,14100.00,12.33,2.23
berlin52,angle,0.1,16,124057,8371.00,14630.00,10.99,2.16
berlin52,angle,0.1,17,124058,9247.00,14307.00,22.61,2.17
berlin52,angle,0.1,18,124059,8405.00,14730.00,11.44,2.94
berlin52,angle,0.1,19,124060,8351.00,14645.00,10.73,2.68
berlin52,angle,0.1,20,124061,8641.00,14658.00,14.57,2.00
berlin52,angle,0.1,21,124062,8312.00,14889.00,10.21,1.62
berlin52,angle,0.1,22,124063,8324.00,13851.00,10.37,1.78
berlin52,angle,0.1,23,124064,8570.00,14105.00,13.63,1.78
berlin52,angle,0.1,24,124065,8757.00,14122.00,16.11,1.84
berlin52,angle,0.1,25,124066,8251.00,14046.00,9.40,1.87
berlin52,angle,0.1,26,124067,8510.00,14592.00,12.83,2.75
berlin52,angle,0.1,27,124068,8426.00,14390.00,11.72,3.54
berlin52,angle,0.1,28,124069,8653.00,14820.00,14.73,2.71
berlin52,angle,0.1,29,124070,8211.00,13971.00,8.87,2.52
berlin52,angle,0.1,30,124071,8456.00,14708.00,12.12,2.27
berlin52,angle,0.2,1,125042,8306.00,14257.00,10.13,2.05
berlin52,angle,0.2,2,125043,7994.00,15286.00,5.99,2.23
berlin52,angle,0.2,3,125044,8497.00,14410.00,12.66,2.01
berlin52,angle,0.2,4,125045,8203.00,14920.00,8.76,2.38
berlin52,angle,0.2,5,125046,8483.00,14787.00,12.48,2.30
berlin52,angle,0.2,6,125047,8147.00,14405.00,8.02,2.31
berlin52,angle,0.2,7,125048,8624.00,14195.00,14.35,2.99
berlin52,angle,0.2,8,125049,8259.00,14388.00,9.51,2.85
berlin52,angle,0.2,9,125050,8552.00,14187.00,13.39,2.06
berlin52,angle,0.2,10,125051,8499.00,13836.00,12.69,1.80
berlin52,angle,0.2,11,125052,8430.00,14597.00,11.77,1.74
berlin52,angle,0.2,12,125053,8500.00,14613.00,12.70,1.75
berlin52,angle,0.2,13,125054,8626.00,14253.00,14.37,1.81
berlin52,angle,0.2,14,125055,8276.00,14715.00,9.73,1.77
berlin52,angle,0.2,15,125056,7908.00,14374.00,4.85,1.86
berlin52,angle,0.2,16,125057,8463.00,14847.00,12.21,1.87
berlin52,angle,0.2,17,125058,8121.00,14450.00,7.68,1.85
berlin52,angle,0.2,18,125059,8448.00,13763.00,12.01,1.81
berlin52,angle,0.2,19,125060,7928.00,14631.00,5.12,2.14
berlin52,angle,0.2,20,125061,8311.00,14815.00,10.20,2.34
berlin52,angle,0.2,21,125062,8016.00,14052.00,6.28,2.21
berlin52,angle,0.2,22,125063,8102.00,15216.00,7.43,2.09
berlin52,angle,0.2,23,125064,8533.00,14536.00,13.14,2.42
berlin52,angle,0.2,24,125065,8212.00,13898.00,8.88,2.28
berlin52,angle,0.2,25,125066,8659.00,14319.00,14.81,2.02
berlin52,angle,0.2,26,125067,8469.00,15087.00,12.29,2.04
berlin52,angle,0.2,27,125068,8065.00,14320.00,6.93,1.90
berlin52,angle,0.2,28,125069,8060.00,14054.00,6.87,1.67
berlin52,angle,0.2,29,125070,8654.00,14530.00,14.74,1.78
berlin52,angle,0.2,30,125071,8581.00,14684.00,13.78,1.86
berlin52,angle,0.4,1,126042,8503.00,14406.00,12.74,1.94
berlin52,angle,0.4,2,126043,8409.00,14341.00,11.50,1.62
berlin52,angle,0.4,3,126044,8459.00,15249.00,12.16,1.61
berlin52,angle,0.4,4,126045,8571.00,14451.00,13.64,1.56
berlin52,angle,0.4,5,126046,7999.00,14723.00,6.06,1.48
berlin52,angle,0.4,6,126047,8101.00,15171.00,7.41,1.56
berlin52,angle,0.4,7,126048,8123.00,14570.00,7.70,1.68
berlin52,angle,0.4,8,126049,8430.00,14640.00,11.77,1.92
berlin52,angle,0.4,9,126050,8137.00,15122.00,7.89,1.62
berlin52,angle,0.4,10,126051,8612.00,14513.00,14.19,2.03
berlin52,angle,0.4,11,126052,8592.00,14572.00,13.92,1.92
berlin52,angle,0.4,12,126053,8502.00,14872.00,12.73,1.89
berlin52,angle,0.4,13,126054,8287.00,14519.00,9.88,1.80
berlin52,angle,0.4,14,126055,7957.00,14380.00,5.50,1.82
berlin52,angle,0.4,15,126056,7989.00,14464.00,5.93,1.70
berlin52,angle,0.4,16,126057,8321.00,14802.00,10.33,1.60
berlin52,angle,0.4,17,126058,8351.00,14578.00,10.73,1.59
berlin52,angle,0.4,18,126059,8491.00,14780.00,12.58,1.64
berlin52,angle,0.4,19,126060,8223.00,14400.00,9.03,1.89
berlin52,angle,0.4,20,126061,8450.00,14469.00,12.04,1.61
berlin52,angle,0.4,21,126062,8451.00,14465.00,12.05,1.75
berlin52,angle,0.4,22,126063,8333.00,14674.00,10.49,1.79
berlin52,angle,0.4,23,126064,7984.00,14585.00,5.86,1.68
berlin52,angle,0.4,24,126065,8367.00,14399.00,10.94,1.67
berlin52,angle,0.4,25,126066,7963.00,14445.00,5.58,1.55
berlin52,angle,0.4,26,126067,8100.00,14695.00,7.40,1.55
berlin52,angle,0.4,27,126068,8845.00,14772.00,17.28,1.69
berlin52,angle,0.4,28,126069,8640.00,14218.00,14.56,1.66
berlin52,angle,0.4,29,126070,8591.00,14454.00,13.91,1.67
berlin52,angle,0.4,30,126071,7937.00,15023.00,5.24,1.56

EXPERIMENT 5 (angle): Replacement Rate
dataset,init_method,r,run,seed,best_cost,init_best,gap_percent,time_seconds
berlin52,angle,0.3,1,124042,8757.00,15033.00,16.11,1.40
berlin52,angle,0.3,2,124043,7873.00,14391.00,4.39,1.39
berlin52,angle,0.3,3,124044,8214.00,15499.00,8.91,1.47
berlin52,angle,0.3,4,124045,8168.00,14344.00,8.30,1.46
berlin52,angle,0.3,5,124046,8612.00,13895.00,14.19,1.54
berlin52,angle,0.3,6,124047,8526.00,14792.00,13.05,1.77
berlin52,angle,0.3,7,124048,8206.00,14959.00,8.80,1.77
berlin52,angle,0.3,8,124049,8722.00,14863.00,15.65,1.40
berlin52,angle,0.3,9,124050,8402.00,14487.00,11.40,1.66
berlin52,angle,0.3,10,124051,8797.00,14351.00,16.64,1.32
berlin52,angle,0.3,11,124052,8588.00,14003.00,13.87,1.28
berlin52,angle,0.3,12,124053,8113.00,13952.00,7.57,1.24
berlin52,angle,0.3,13,124054,8556.00,14695.00,13.44,1.21
berlin52,angle,0.3,14,124055,8792.00,13907.00,16.57,1.21
berlin52,angle,0.3,15,124056,9053.00,14100.00,20.03,1.21
berlin52,angle,0.3,16,124057,8362.00,14630.00,10.87,1.28
berlin52,angle,0.3,17,124058,8365.00,14307.00,10.91,1.39
berlin52,angle,0.3,18,124059,8570.00,14730.00,13.63,1.42
berlin52,angle,0.3,19,124060,8092.00,14645.00,7.29,1.40
berlin52,angle,0.3,20,124061,8599.00,14658.00,14.01,1.48
berlin52,angle,0.3,21,124062,8248.00,14889.00,9.36,1.65
berlin52,angle,0.3,22,124063,8496.00,13851.00,12.65,1.29
berlin52,angle,0.3,23,124064,8393.00,14105.00,11.28,1.29
berlin52,angle,0.3,24,124065,8186.00,14122.00,8.54,1.36
berlin52,angle,0.3,25,124066,8514.00,14046.00,12.89,1.27
berlin52,angle,0.3,26,124067,8634.00,14592.00,14.48,1.29
berlin52,angle,0.3,27,124068,8570.00,14390.00,13.63,1.28
berlin52,angle,0.3,28,124069,8477.00,14820.00,12.40,1.28
berlin52,angle,0.3,29,124070,8453.00,13971.00,12.08,1.27
berlin52,angle,0.3,30,124071,8664.00,14708.00,14.88,1.24
berlin52,angle,0.5,1,125042,8576.00,14257.00,13.71,1.30
berlin52,angle,0.5,2,125043,8578.00,15286.00,13.74,1.31
berlin52,angle,0.5,3,125044,8186.00,14410.00,8.54,1.33
berlin52,angle,0.5,4,125045,8750.00,14920.00,16.02,1.31
berlin52,angle,0.5,5,125046,8448.00,14787.00,12.01,1.31
berlin52,angle,0.5,6,125047,8444.00,14405.00,11.96,1.31
berlin52,angle,0.5,7,125048,8284.00,14195.00,9.84,1.38
berlin52,angle,0.5,8,125049,8377.00,14388.00,11.07,1.32
berlin52,angle,0.5,9,125050,8931.00,14187.00,18.42,1.32
berlin52,angle,0.5,10,125051,8565.00,13836.00,13.56,1.40
berlin52,angle,0.5,11,125052,8387.00,14597.00,11.20,1.35
berlin52,angle,0.5,12,125053,8059.00,14613.00,6.85,1.42
berlin52,angle,0.5,13,125054,8451.00,14253.00,12.05,1.35
berlin52,angle,0.5,14,125055,8057.00,14715.00,6.83,1.33
berlin52,angle,0.5,15,125056,8581.00,14374.00,13.78,1.36
berlin52,angle,0.5,16,125057,8210.00,14847.00,8.86,1.34
berlin52,angle,0.5,17,125058,8114.00,14450.00,7.58,1.34
berlin52,angle,0.5,18,125059,7946.00,13763.00,5.36,1.33
berlin52,angle,0.5,19,125060,7794.00,14631.00,3.34,1.34
berlin52,angle,0.5,20,125061,8153.00,14815.00,8.10,1.33
berlin52,angle,0.5,21,125062,8204.00,14052.00,8.78,1.31
berlin52,angle,0.5,22,125063,8203.00,15216.00,8.76,1.32
berlin52,angle,0.5,23,125064,8577.00,14536.00,13.72,1.30
berlin52,angle,0.5,24,125065,8753.00,13898.00,16.06,1.26
berlin52,angle,0.5,25,125066,8257.00,14319.00,9.48,1.28
berlin52,angle,0.5,26,125067,8269.00,15087.00,9.64,1.28
berlin52,angle,0.5,27,125068,8326.00,14320.00,10.40,1.32
berlin52,angle,0.5,28,125069,8458.00,14054.00,12.15,1.31
berlin52,angle,0.5,29,125070,8369.00,14530.00,10.97,1.33
berlin52,angle,0.5,30,125071,8163.00,14684.00,8.23,1.34
berlin52,angle,0.7,1,126042,8757.00,14406.00,16.11,1.42
berlin52,angle,0.7,2,126043,8199.00,14341.00,8.71,1.41
berlin52,angle,0.7,3,126044,8405.00,15249.00,11.44,1.49
berlin52,angle,0.7,4,126045,8506.00,14451.00,12.78,1.38
berlin52,angle,0.7,5,126046,8471.00,14723.00,12.32,1.36
berlin52,angle,0.7,6,126047,8463.00,15171.00,12.21,1.36
berlin52,angle,0.7,7,126048,8021.00,14570.00,6.35,1.35
berlin52,angle,0.7,8,126049,8380.00,14640.00,11.11,1.36
berlin52,angle,0.7,9,126050,8165.00,15122.00,8.26,1.37
berlin52,angle,0.7,10,126051,8109.00,14513.00,7.52,1.37
berlin52,angle,0.7,11,126052,8435.00,14572.00,11.84,1.37
berlin52,angle,0.7,12,126053,8291.00,14872.00,9.93,1.42
berlin52,angle,0.7,13,126054,8387.00,14519.00,11.20,1.44
berlin52,angle,0.7,14,126055,8209.00,14380.00,8.84,1.42
berlin52,angle,0.7,15,126056,8533.00,14464.00,13.14,1.38
berlin52,angle,0.7,16,126057,7953.00,14802.00,5.45,1.37
berlin52,angle,0.7,17,126058,8423.00,14578.00,11.68,1.41
berlin52,angle,0.7,18,126059,7810.00,14780.00,3.55,1.41
berlin52,angle,0.7,19,126060,8243.00,14400.00,9.29,1.38
berlin52,angle,0.7,20,126061,8565.00,14469.00,13.56,1.38
berlin52,angle,0.7,21,126062,8192.00,14465.00,8.62,1.69
berlin52,angle,0.7,22,126063,8589.00,14674.00,13.88,1.47
berlin52,angle,0.7,23,126064,8125.00,14585.00,7.73,1.41
berlin52,angle,0.7,24,126065,8473.00,14399.00,12.34,1.47
berlin52,angle,0.7,25,126066,8684.00,14445.00,15.14,1.42
berlin52,angle,0.7,26,126067,8118.00,14695.00,7.64,1.45
berlin52,angle,0.7,27,126068,8482.00,14772.00,12.46,1.40
berlin52,angle,0.7,28,126069,8742.00,14218.00,15.91,1.38
berlin52,angle,0.7,29,126070,8290.00,14454.00,9.92,1.37
berlin52,angle,0.7,30,126071,8395.00,15023.00,11.31,1.37
berlin52,angle,0.9,1,127042,8371.00,14124.00,10.99,1.44
berlin52,angle,0.9,2,127043,8402.00,14714.00,11.40,1.44
berlin52,angle,0.9,3,127044,8437.00,14080.00,11.87,1.45
berlin52,angle,0.9,4,127045,8542.00,14442.00,13.26,1.45
berlin52,angle,0.9,5,127046,8388.00,14203.00,11.22,1.47
berlin52,angle,0.9,6,127047,8242.00,14059.00,9.28,1.48
berlin52,angle,0.9,7,127048,8545.00,14994.00,13.30,1.45
berlin52,angle,0.9,8,127049,8358.00,15003.00,10.82,1.42
berlin52,angle,0.9,9,127050,8253.00,14402.00,9.43,1.44
berlin52,angle,0.9,10,127051,8588.00,14559.00,13.87,1.44
berlin52,angle,0.9,11,127052,8264.00,15241.00,9.57,1.42
berlin52,angle,0.9,12,127053,8807.00,14157.00,16.77,1.49
berlin52,angle,0.9,13,127054,8446.00,14402.00,11.99,1.49
berlin52,angle,0.9,14,127055,8369.00,14232.00,10.97,1.48
berlin52,angle,0.9,15,127056,8168.00,13534.00,8.30,1.56
berlin52,angle,0.9,16,127057,8455.00,14251.00,12.11,1.50
berlin52,angle,0.9,17,127058,8460.00,14759.00,12.17,1.44
berlin52,angle,0.9,18,127059,8183.00,14246.00,8.50,1.45
berlin52,angle,0.9,19,127060,8231.00,14594.00,9.14,1.45
berlin52,angle,0.9,20,127061,8536.00,14711.00,13.18,1.45
berlin52,angle,0.9,21,127062,8458.00,14622.00,12.15,1.44
berlin52,angle,0.9,22,127063,8517.00,14604.00,12.93,1.46
berlin52,angle,0.9,23,127064,8122.00,14233.00,7.69,1.44
berlin52,angle,0.9,24,127065,8540.00,14227.00,13.23,1.76
berlin52,angle,0.9,25,127066,8025.00,14466.00,6.40,1.55
berlin52,angle,0.9,26,127067,8057.00,14310.00,6.83,1.50
berlin52,angle,0.9,27,127068,8292.00,14732.00,9.94,1.45
berlin52,angle,0.9,28,127069,8397.00,14246.00,11.34,1.44
berlin52,angle,0.9,29,127070,8529.00,15005.00,13.09,1.45
berlin52,angle,0.9,30,127071,8082.00,14450.00,7.16,1.44

