EXPERIMENT 3 (angle): Population Size
dataset,init_method,p,run,seed,best_cost,init_best,gap_percent,time_seconds
kroA200,angle,50,1,22042,63578.00,87373.00,116.49,0.96
kroA200,angle,50,2,22043,61816.00,91682.00,110.49,0.96
kroA200,angle,50,3,22044,59869.00,87882.00,103.86,0.96
kroA200,angle,50,4,22045,63955.00,89443.00,117.77,0.96
kroA200,angle,50,5,22046,64956.00,90646.00,121.18,0.96
kroA200,angle,50,6,22047,57231.00,89457.00,94.88,0.96
kroA200,angle,50,7,22048,58866.00,88955.00,100.44,0.96
kroA200,angle,50,8,22049,59843.00,90571.00,103.77,0.96
kroA200,angle,50,9,22050,60438.00,90781.00,105.80,0.96
kroA200,angle,50,10,22051,58687.00,91369.00,99.83,0.96
kroA200,angle,100,1,23042,49600.00,87373.00,68.89,1.92
kroA200,angle,100,2,23043,52651.00,89669.00,79.28,1.92
kroA200,angle,100,3,23044,50547.00,90309.00,72.12,1.92
kroA200,angle,100,4,23045,51303.00,88915.00,74.69,1.91
kroA200,angle,100,5,23046,51921.00,89619.00,76.79,1.92
kroA200,angle,100,6,23047,51726.00,87510.00,76.13,1.92
kroA200,angle,100,7,23048,49773.00,88775.00,69.48,1.92
kroA200,angle,100,8,23049,48651.00,88491.00,65.66,1.91
kroA200,angle,100,9,23050,48656.00,88098.00,65.68,1.92
kroA200,angle,100,10,23051,50866.00,87197.00,73.20,1.92
kroA200,angle,120,1,24042,48960.00,87551.00,66.71,2.30
kroA200,angle,120,2,24043,47220.00,89094.00,60.79,2.29
kroA200,angle,120,3,24044,46886.00,86960.00,59.65,2.29
kroA200,angle,120,4,24045,48849.00,87350.00,66.33,2.30
kroA200,angle,120,5,24046,46417.00,90473.00,58.05,2.29
kroA200,angle,120,6,24047,46167.00,89230.00,57.20,2.29
kroA200,angle,120,7,24048,48766.00,89174.00,66.05,2.29
kroA200,angle,120,8,24049,48812.00,87664.00,66.21,2.30
kroA200,angle,120,9,24050,47820.00,90221.00,62.83,2.29
kroA200,angle,120,10,24051,48035.00,88000.00,63.56,2.30
kroA200,angle,150,1,25042,45956.00,84942.00,56.48,2.85
kroA200,angle,150,2,25043,45725.00,89100.00,55.70,2.86
kroA200,angle,150,3,25044,46520.00,87779.00,58.40,2.86
kroA200,angle,150,4,25045,47727.00,88912.00,62.51,2.86
kroA200,angle,150,5,25046,44062.00,87224.00,50.03,2.86
kroA200,angle,150,6,25047,45841.00,88796.00,56.09,2.85
kroA200,angle,150,7,25048,42804.00,89761.00,45.75,2.86
kroA200,angle,150,8,25049,45316.00,88383.00,54.30,2.86
kroA200,angle,150,9,25050,47533.00,87441.00,61.85,2.86
kroA200,angle,150,10,25051,44727.00,87374.00,52.30,2.86

EXPERIMENT 6 (angle): Generations
dataset,init_method,G,run,seed,best_cost,init_best,gap_percent,time_seconds
kroA200,angle,100,1,25042,65045.00,84942.00,121.48,0.38
kroA200,angle,100,2,25043,69260.00,91103.00,135.83,0.39
kroA200,angle,100,3,25044,66841.00,91245.00,127.60,0.39
kroA200,angle,100,4,25045,70297.00,88912.00,139.37,0.39
kroA200,angle,100,5,25046,65000.00,92049.00,121.33,0.39
kroA200,angle,100,6,25047,70929.00,88796.00,141.52,0.39
kroA200,angle,100,7,25048,59155.00,89761.00,101.43,0.39
kroA200,angle,100,8,25049,64061.00,89290.00,118.13,0.39
kroA200,angle,100,9,25050,66310.00,87441.00,125.79,0.39
kroA200,angle,100,10,25051,64691.00,90882.00,120.28,0.39
kroA200,angle,300,1,26042,52281.00,88849.00,78.02,1.15
kroA200,angle,300,2,26043,55668.00,86937.00,89.55,1.15
kroA200,angle,300,3,26044,54089.00,89523.00,84.18,1.15
kroA200,angle,300,4,26045,56015.00,87691.00,90.73,1.15
kroA200,angle,300,5,26046,56839.00,90709.00,93.54,1.15
kroA200,angle,300,6,26047,56271.00,90059.00,91.61,1.15
kroA200,angle,300,7,26048,51720.00,91408.00,76.11,1.15
kroA200,angle,300,8,26049,58070.00,88412.00,97.73,1.15
kroA200,angle,300,9,26050,49688.00,88207.00,69.19,1.15
kroA200,angle,300,10,26051,55383.00,88317.00,88.58,1.16
kroA200,angle,500,1,27042,49091.00,87739.00,67.16,1.91
kroA200,angle,500,2,27043,47201.00,87859.00,60.72,1.92
kroA200,angle,500,3,27044,48342.00,88599.00,64.61,1.92
kroA200,angle,500,4,27045,49927.00,90843.00,70.00,1.92
kroA200,angle,500,5,27046,47868.00,87954.00,62.99,1.92
kroA200,angle,500,6,27047,51307.00,90220.00,74.70,1.92
kroA200,angle,500,7,27048,48302.00,90261.00,64.47,1.92
kroA200,angle,500,8,27049,50716.00,88856.00,72.69,1.92
kroA200,angle,500,9,27050,50622.00,86100.00,72.37,1.92
kroA200,angle,500,10,27051,52143.00,89364.00,77.55,1.92
kroA200,angle,800,1,28042,45142.00,87102.00,53.71,3.06
kroA200,angle,800,2,28043,47933.00,89286.00,63.22,3.06
kroA200,angle,800,3,28044,47322.00,89672.00,61.13,3.06
kroA200,angle,800,4,28045,45294.00,88180.00,54.23,3.06
kroA200,angle,800,5,28046,46187.00,87511.00,57.27,3.06
kroA200,angle,800,6,28047,46483.00,90886.00,58.28,3.06
kroA200,angle,800,7,28048,51216.00,86769.00,74.39,3.08
kroA200,angle,800,8,28049,44262.00,91564.00,50.72,3.07
kroA200,angle,800,9,28050,45954.00,89368.00,56.48,3.08
kroA200,angle,800,10,28051,43532.00,87649.00,48.23,3.06

EXPERIMENT 4 (angle): Mutation Rate
dataset,init_method,m,run,seed,best_cost,init_best,gap_percent,time_seconds
kroA200,angle,0.05,1,23042,52790.00,87373.00,79.75,1.91
kroA200,angle,0.05,2,23043,58041.00,89669.00,97.63,1.92
kroA200,angle,0.05,3,23044,56869.00,90309.00,93.64,1.92
kroA200,angle,0.05,4,23045,53190.00,88915.00,81.12,1.92
kroA200,angle,0.05,5,23046,57658.00,89619.00,96.33,1.92
kroA200,angle,0.05,6,23047,59498.00,87510.00,102.59,1.92
kroA200,angle,0.05,7,23048,54888.00,88775.00,86.90,1.91
kroA200,angle,0.05,8,23049,54570.00,88491.00,85.81,1.92
kroA200,angle,0.05,9,23050,52586.00,88098.00,79.06,1.92
kroA200,angle,0.05,10,23051,56835.00,87197.00,93.53,1.92
kroA200,angle,0.1,1,24042,47089.00,87551.00,60.34,1.92
kroA200,angle,0.1,2,24043,48914.00,89094.00,66.56,1.92
kroA200,angle,0.1,3,24044,48529.00,86960.00,65.24,1.91
kroA200,angle,0.1,4,24045,49947.00,87350.00,70.07,1.92
kroA200,angle,0.1,5,24046,50450.00,90473.00,71.79,1.92
kroA200,angle,0.1,6,24047,53197.00,89396.00,81.14,1.92
kroA200,angle,0.1,7,24048,51750.00,89174.00,76.21,1.92
kroA200,angle,0.1,8,24049,47721.00,87664.00,62.49,1.92
kroA200,angle,0.1,9,24050,48095.00,90221.00,63.77,1.92
kroA200,angle,0.1,10,24051,52531.00,88000.00,78.87,1.93
kroA200,angle,0.2,1,25042,45932.00,84942.00,56.40,1.92
kroA200,angle,0.2,2,25043,43947.00,91103.00,49.64,1.93
kroA200,angle,0.2,3,25044,45404.00,91245.00,54.60,1.93
kroA200,angle,0.2,4,25045,45617.00,88912.00,55.33,1.92
kroA200,angle,0.2,5,25046,45718.00,92049.00,55.67,1.93
kroA200,angle,0.2,6,25047,45946.00,88796.00,56.45,1.93
kroA200,angle,0.2,7,25048,43935.00,89761.00,49.60,1.93
kroA200,angle,0.2,8,25049,42808.00,89290.00,45.76,1.92
kroA200,angle,0.2,9,25050,45818.00,87441.00,56.01,1.93
kroA200,angle,0.2,10,25051,44504.00,90882.00,51.54,1.92
kroA200,angle,0.4,1,26042,42165.00,88849.00,43.57,1.94
kroA200,angle,0.4,2,26043,42583.00,86937.00,45.00,1.94
kroA200,angle,0.4,3,26044,42230.00,89523.00,43.80,1.94
kroA200,angle,0.4,4,26045,42070.00,87691.00,43.25,1.94
kroA200,angle,0.4,5,26046,42254.00,90709.00,43.88,1.95
kroA200,angle,0.4,6,26047,42178.00,90059.00,43.62,1.94
kroA200,angle,0.4,7,26048,42279.00,91408.00,43.96,1.94
kroA200,angle,0.4,8,26049,38875.00,88412.00,32.37,1.94
kroA200,angle,0.4,9,26050,40631.00,88207.00,38.35,1.94
kroA200,angle,0.4,10,26051,42195.00,88317.00,43.68,1.93

EXPERIMENT 5 (angle): Replacement Rate
dataset,init_method,r,run,seed,best_cost,init_best,gap_percent,time_seconds
kroA200,angle,0.3,1,24042,53607.00,87551.00,82.54,1.78
kroA200,angle,0.3,2,24043,55980.00,89094.00,90.62,1.77
kroA200,angle,0.3,3,24044,57404.00,86960.00,95.46,1.78
kroA200,angle,0.3,4,24045,55493.00,87350.00,88.96,1.78
kroA200,angle,0.3,5,24046,53577.00,90473.00,82.43,1.78
kroA200,angle,0.3,6,24047,54219.00,89396.00,84.62,1.78
kroA200,angle,0.3,7,24048,55652.00,89174.00,89.50,1.78
kroA200,angle,0.3,8,24049,56600.00,87664.00,92.73,1.78
kroA200,angle,0.3,9,24050,51357.00,90221.00,74.87,1.78
kroA200,angle,0.3,10,24051,55177.00,88000.00,87.88,1.78
kroA200,angle,0.5,1,25042,52158.00,84942.00,77.60,1.85
kroA200,angle,0.5,2,25043,51218.00,91103.00,74.40,1.84
kroA200,angle,0.5,3,25044,52309.00,91245.00,78.12,1.85
kroA200,angle,0.5,4,25045,52763.00,88912.00,79.66,1.85
kroA200,angle,0.5,5,25046,52455.00,92049.00,78.61,1.85
kroA200,angle,0.5,6,25047,51749.00,88796.00,76.21,1.85
kroA200,angle,0.5,7,25048,51424.00,89761.00,75.10,1.85
kroA200,angle,0.5,8,25049,52552.00,89290.00,78.94,1.85
kroA200,angle,0.5,9,25050,51696.00,87441.00,76.03,1.85
kroA200,angle,0.5,10,25051,54218.00,90882.00,84.62,1.85
kroA200,angle,0.7,1,26042,47334.00,88849.00,61.18,1.92
kroA200,angle,0.7,2,26043,49952.00,86937.00,70.09,1.93
kroA200,angle,0.7,3,26044,49449.00,89523.00,68.38,1.92
kroA200,angle,0.7,4,26045,51710.00,87691.00,76.08,1.92
kroA200,angle,0.7,5,26046,50425.00,90709.00,71.70,1.93
kroA200,angle,0.7,6,26047,51363.00,90059.00,74.89,1.93
kroA200,angle,0.7,7,26048,49140.00,91408.00,67.32,1.92
kroA200,angle,0.7,8,26049,50563.00,88412.00,72.17,1.91
kroA200,angle,0.7,9,26050,46491.00,88207.00,58.30,1.92
kroA200,angle,0.7,10,26051,49309.00,88317.00,67.90,1.92
kroA200,angle,0.9,1,27042,46824.00,87739.00,59.44,1.99
kroA200,angle,0.9,2,27043,47887.00,87859.00,63.06,1.99
kroA200,angle,0.9,3,27044,47842.00,88599.00,62.91,1.99
kroA200,angle,0.9,4,27045,48700.00,90843.00,65.83,2.00
kroA200,angle,0.9,5,27046,51456.00,87954.00,75.21,1.99
kroA200,angle,0.9,6,27047,47311.00,90220.00,61.10,1.98
kroA200,angle,0.9,7,27048,48109.00,90261.00,63.81,1.99
kroA200,angle,0.9,8,27049,50361.00,88856.00,71.48,1.99
kroA200,angle,0.9,9,27050,49944.00,86100.00,70.06,2.00
kroA200,angle,0.9,10,27051,44856.00,89364.00,52.74,1.99

