EXPERIMENT 3 (random): Population Size
dataset,init,p,run,seed,init_best,best_cost,known_optimal,gap_percent,time_seconds
pcb442,random,50,1,402042,742098.00,326511.00,50778,543.02,5.75
pcb442,random,50,2,402043,738917.00,315771.00,50778,521.87,5.81
pcb442,random,50,3,402044,744035.00,340580.00,50778,570.72,5.59
pcb442,random,50,4,402045,729007.00,320923.00,50778,532.01,5.58
pcb442,random,50,5,402046,732176.00,326677.00,50778,543.34,5.55
pcb442,random,50,6,402047,732211.00,320907.00,50778,531.98,5.55
pcb442,random,50,7,402048,743103.00,315837.00,50778,522.00,5.55
pcb442,random,50,8,402049,734717.00,316568.00,50778,523.44,5.56
pcb442,random,50,9,402050,732158.00,318088.00,50778,526.43,5.61
pcb442,random,50,10,402051,738647.00,328014.00,50778,545.98,5.59
pcb442,random,100,1,403042,731865.00,257498.00,50778,407.11,11.10
pcb442,random,100,2,403043,745914.00,270609.00,50778,432.93,11.32
pcb442,random,100,3,403044,739999.00,277701.00,50778,446.89,11.09
pcb442,random,100,4,403045,736637.00,282852.00,50778,457.04,11.15
pcb442,random,100,5,403046,737337.00,270562.00,50778,432.83,11.03
pcb442,random,100,6,403047,735216.00,284378.00,50778,460.04,11.09
pcb442,random,100,7,403048,733985.00,268582.00,50778,428.93,11.04
pcb442,random,100,8,403049,728597.00,264731.00,50778,421.35,11.35
pcb442,random,100,9,403050,742586.00,277012.00,50778,445.54,11.04
pcb442,random,100,10,403051,713549.00,276255.00,50778,444.04,11.08
pcb442,random,120,1,404042,737832.00,271740.00,50778,435.15,13.32
pcb442,random,120,2,404043,732085.00,253389.00,50778,399.01,13.31
pcb442,random,120,3,404044,724255.00,266811.00,50778,425.45,13.65
pcb442,random,120,4,404045,723819.00,259308.00,50778,410.67,13.40
pcb442,random,120,5,404046,731668.00,255598.00,50778,403.36,13.23
pcb442,random,120,6,404047,721637.00,260455.00,50778,412.93,13.31
pcb442,random,120,7,404048,724297.00,264184.00,50778,420.27,13.28
pcb442,random,120,8,404049,738079.00,282071.00,50778,455.50,13.47
pcb442,random,120,9,404050,736276.00,263062.00,50778,418.06,13.32
pcb442,random,120,10,404051,732621.00,263933.00,50778,419.78,13.31
pcb442,random,150,1,405042,733098.00,260484.00,50778,412.99,16.57
pcb442,random,150,2,405043,714238.00,264403.00,50778,420.70,17.10
pcb442,random,150,3,405044,731277.00,246889.00,50778,386.21,16.83
pcb442,random,150,4,405045,734803.00,248553.00,50778,389.49,16.76
pcb442,random,150,5,405046,728397.00,258397.00,50778,408.88,16.62
pcb442,random,150,6,405047,720232.00,258507.00,50778,409.09,16.72
pcb442,random,150,7,405048,726878.00,260320.00,50778,412.66,16.86
pcb442,random,150,8,405049,738066.00,250189.00,50778,392.71,16.63
pcb442,random,150,9,405050,722259.00,247357.00,50778,387.13,16.59
pcb442,random,150,10,405051,730443.00,247639.00,50778,387.69,16.75

EXPERIMENT 6 (random): Generations
dataset,init,G,run,seed,init_best,best_cost,known_optimal,gap_percent,time_seconds
pcb442,random,100,1,405042,733098.00,479671.00,50778,844.64,2.38
pcb442,random,100,2,405043,740521.00,493424.00,50778,871.73,2.31
pcb442,random,100,3,405044,732354.00,477008.00,50778,839.40,2.28
pcb442,random,100,4,405045,741594.00,477474.00,50778,840.32,2.29
pcb442,random,100,5,405046,728397.00,489628.00,50778,864.25,2.28
pcb442,random,100,6,405047,720232.00,483387.00,50778,851.96,2.30
pcb442,random,100,7,405048,726878.00,473847.00,50778,833.17,2.31
pcb442,random,100,8,405049,741902.00,484101.00,50778,853.37,2.28
pcb442,random,100,9,405050,722259.00,469109.00,50778,823.84,2.27
pcb442,random,100,10,405051,730443.00,471753.00,50778,829.05,2.28
pcb442,random,300,1,406042,735431.00,336441.00,50778,562.57,6.72
pcb442,random,300,2,406043,724713.00,344302.00,50778,578.05,6.70
pcb442,random,300,3,406044,745269.00,335169.00,50778,560.07,6.81
pcb442,random,300,4,406045,733277.00,344505.00,50778,578.45,6.75
pcb442,random,300,5,406046,738024.00,339725.00,50778,569.04,6.75
pcb442,random,300,6,406047,736176.00,339967.00,50778,569.52,6.82
pcb442,random,300,7,406048,736114.00,341930.00,50778,573.38,7.02
pcb442,random,300,8,406049,733234.00,331947.00,50778,553.72,6.77
pcb442,random,300,9,406050,734786.00,338522.00,50778,566.67,6.75
pcb442,random,300,10,406051,731131.00,332261.00,50778,554.34,6.73
pcb442,random,500,1,407042,733313.00,280328.00,50778,452.07,11.52
pcb442,random,500,2,407043,729249.00,272515.00,50778,436.68,11.23
pcb442,random,500,3,407044,742736.00,281122.00,50778,453.63,11.16
pcb442,random,500,4,407045,737247.00,273776.00,50778,439.16,11.45
pcb442,random,500,5,407046,739519.00,274292.00,50778,440.18,11.16
pcb442,random,500,6,407047,731360.00,276720.00,50778,444.96,11.02
pcb442,random,500,7,407048,739379.00,282471.00,50778,456.29,11.04
pcb442,random,500,8,407049,727009.00,274178.00,50778,439.95,11.05
pcb442,random,500,9,407050,734258.00,271423.00,50778,434.53,11.09
pcb442,random,500,10,407051,725564.00,262045.00,50778,416.06,11.34
pcb442,random,800,1,408042,737730.00,225385.00,50778,343.86,17.57
pcb442,random,800,2,408043,737685.00,227241.00,50778,347.52,17.58
pcb442,random,800,3,408044,742249.00,224972.00,50778,343.05,17.63
pcb442,random,800,4,408045,735540.00,220331.00,50778,333.91,17.84
pcb442,random,800,5,408046,718769.00,223090.00,50778,339.34,17.51
pcb442,random,800,6,408047,737368.00,227465.00,50778,347.96,17.62
pcb442,random,800,7,408048,743062.00,226664.00,50778,346.38,17.63
pcb442,random,800,8,408049,736772.00,219988.00,50778,333.23,17.77
pcb442,random,800,9,408050,730206.00,217304.00,50778,327.95,17.60
pcb442,random,800,10,408051,736987.00,217537.00,50778,328.41,17.52

EXPERIMENT 4 (random): Mutation Rate
dataset,init,m,run,seed,init_best,best_cost,known_optimal,gap_percent,time_seconds
pcb442,random,0.05,1,403042,731865.00,262588.00,50778,417.13,11.02
pcb442,random,0.05,2,403043,745914.00,291236.00,50778,473.55,11.29
pcb442,random,0.05,3,403044,739999.00,287664.00,50778,466.51,11.04
pcb442,random,0.05,4,403045,736637.00,276497.00,50778,444.52,11.04
pcb442,random,0.05,5,403046,737337.00,279128.00,50778,449.70,11.01
pcb442,random,0.05,6,403047,735216.00,276915.00,50778,445.34,10.99
pcb442,random,0.05,7,403048,733985.00,288226.00,50778,467.62,11.06
pcb442,random,0.05,8,403049,728597.00,284539.00,50778,460.36,11.33
pcb442,random,0.05,9,403050,742586.00,280441.00,50778,452.29,11.02
pcb442,random,0.05,10,403051,713549.00,271828.00,50778,435.33,10.99
pcb442,random,0.1,1,404042,737832.00,269093.00,50778,429.94,11.08
pcb442,random,0.1,2,404043,732085.00,274708.00,50778,441.00,11.06
pcb442,random,0.1,3,404044,724255.00,281182.00,50778,453.75,11.11
pcb442,random,0.1,4,404045,723819.00,272873.00,50778,437.38,11.30
pcb442,random,0.1,5,404046,731668.00,275408.00,50778,442.38,11.11
pcb442,random,0.1,6,404047,721637.00,275965.00,50778,443.47,11.01
pcb442,random,0.1,7,404048,724297.00,277701.00,50778,446.89,11.08
pcb442,random,0.1,8,404049,738079.00,272646.00,50778,436.94,11.03
pcb442,random,0.1,9,404050,736276.00,273682.00,50778,438.98,11.10
pcb442,random,0.1,10,404051,732621.00,267361.00,50778,426.53,11.21
pcb442,random,0.2,1,405042,733098.00,272172.00,50778,436.00,11.10
pcb442,random,0.2,2,405043,740521.00,276818.00,50778,445.15,11.12
pcb442,random,0.2,3,405044,732354.00,269804.00,50778,431.34,11.18
pcb442,random,0.2,4,405045,741594.00,269743.00,50778,431.22,11.12
pcb442,random,0.2,5,405046,728397.00,277136.00,50778,445.78,11.19
pcb442,random,0.2,6,405047,720232.00,271475.00,50778,434.63,11.26
pcb442,random,0.2,7,405048,726878.00,278122.00,50778,447.72,11.07
pcb442,random,0.2,8,405049,741902.00,281360.00,50778,454.10,11.18
pcb442,random,0.2,9,405050,722259.00,273591.00,50778,438.80,11.15
pcb442,random,0.2,10,405051,730443.00,264794.00,50778,421.47,11.18
pcb442,random,0.4,1,406042,735431.00,277015.00,50778,445.54,11.40
pcb442,random,0.4,2,406043,724713.00,285707.00,50778,462.66,11.41
pcb442,random,0.4,3,406044,745269.00,281063.00,50778,453.51,11.23
pcb442,random,0.4,4,406045,733277.00,278263.00,50778,448.00,11.30
pcb442,random,0.4,5,406046,738024.00,284111.00,50778,459.52,11.30
pcb442,random,0.4,6,406047,736176.00,280345.00,50778,452.10,11.29
pcb442,random,0.4,7,406048,736114.00,290559.00,50778,472.21,11.48
pcb442,random,0.4,8,406049,733234.00,284329.00,50778,459.95,11.38
pcb442,random,0.4,9,406050,734786.00,286327.00,50778,463.88,11.37
pcb442,random,0.4,10,406051,731131.00,283816.00,50778,458.93,11.30

EXPERIMENT 5 (random): Replacement Rate
dataset,init,r,run,seed,init_best,best_cost,known_optimal,gap_percent,time_seconds
pcb442,random,0.3,1,404042,737832.00,321280.00,50778,532.71,10.34
pcb442,random,0.3,2,404043,732085.00,321394.00,50778,532.94,10.34
pcb442,random,0.3,3,404044,724255.00,325881.00,50778,541.78,10.56
pcb442,random,0.3,4,404045,723819.00,329934.00,50778,549.76,10.41
pcb442,random,0.3,5,404046,731668.00,324789.00,50778,539.63,10.35
pcb442,random,0.3,6,404047,721637.00,317543.00,50778,525.36,10.31
pcb442,random,0.3,7,404048,724297.00,321977.00,50778,534.09,10.35
pcb442,random,0.3,8,404049,738079.00,331161.00,50778,552.17,10.30
pcb442,random,0.3,9,404050,736276.00,330710.00,50778,551.29,10.32
pcb442,random,0.3,10,404051,732621.00,326943.00,50778,543.87,10.50
pcb442,random,0.5,1,405042,733098.00,303326.00,50778,497.36,10.66
pcb442,random,0.5,2,405043,740521.00,279402.00,50778,450.24,10.62
pcb442,random,0.5,3,405044,732354.00,288327.00,50778,467.82,10.64
pcb442,random,0.5,4,405045,741594.00,301480.00,50778,493.72,10.65
pcb442,random,0.5,5,405046,728397.00,299794.00,50778,490.40,10.67
pcb442,random,0.5,6,405047,720232.00,288478.00,50778,468.12,10.81
pcb442,random,0.5,7,405048,726878.00,295758.00,50778,482.45,10.82
pcb442,random,0.5,8,405049,741902.00,295314.00,50778,481.58,10.75
pcb442,random,0.5,9,405050,722259.00,291248.00,50778,473.57,10.84
pcb442,random,0.5,10,405051,730443.00,284528.00,50778,460.34,10.72
pcb442,random,0.7,1,406042,735431.00,269784.00,50778,431.30,11.11
pcb442,random,0.7,2,406043,724713.00,279389.00,50778,450.22,11.33
pcb442,random,0.7,3,406044,745269.00,267110.00,50778,426.03,11.25
pcb442,random,0.7,4,406045,733277.00,272383.00,50778,436.42,11.14
pcb442,random,0.7,5,406046,738024.00,280370.00,50778,452.15,11.25
pcb442,random,0.7,6,406047,736176.00,273013.00,50778,437.66,11.13
pcb442,random,0.7,7,406048,736114.00,277091.00,50778,445.69,11.28
pcb442,random,0.7,8,406049,733234.00,275418.00,50778,442.40,11.34
pcb442,random,0.7,9,406050,734786.00,271782.00,50778,435.24,11.05
pcb442,random,0.7,10,406051,731131.00,270087.00,50778,431.90,11.03
pcb442,random,0.9,1,407042,733313.00,266356.00,50778,424.55,11.45
pcb442,random,0.9,2,407043,729249.00,273028.00,50778,437.69,11.55
pcb442,random,0.9,3,407044,742736.00,270723.00,50778,433.15,11.50
pcb442,random,0.9,4,407045,737247.00,274543.00,50778,440.67,11.69
pcb442,random,0.9,5,407046,739519.00,266016.00,50778,423.88,11.49
pcb442,random,0.9,6,407047,731360.00,269762.00,50778,431.26,11.53
pcb442,random,0.9,7,407048,739379.00,264419.00,50778,420.74,11.45
pcb442,random,0.9,8,407049,727009.00,267743.00,50778,427.28,11.52
pcb442,random,0.9,9,407050,734258.00,248656.00,50778,389.69,11.64
pcb442,random,0.9,10,407051,725564.00,278944.00,50778,449.34,11.64

