EXPERIMENT 3 (nn): Population Size
dataset,init_method,p,run,seed,best_cost,init_best,gap_percent,time_seconds
burma14,nn,50,1,12042,3323.00,3323.00,0.00,3.25
burma14,nn,50,2,12043,3323.00,3323.00,0.00,3.35
burma14,nn,50,3,12044,3323.00,3323.00,0.00,3.46
burma14,nn,50,4,12045,3323.00,3323.00,0.00,3.37
burma14,nn,50,5,12046,3323.00,3323.00,0.00,3.30
burma14,nn,50,6,12047,3323.00,3323.00,0.00,2.89
burma14,nn,50,7,12048,3323.00,3323.00,0.00,2.82
burma14,nn,50,8,12049,3323.00,3323.00,0.00,2.90
burma14,nn,50,9,12050,3323.00,3323.00,0.00,2.78
burma14,nn,50,10,12051,3323.00,3323.00,0.00,4.41
burma14,nn,50,11,12052,3323.00,3323.00,0.00,4.36
burma14,nn,50,12,12053,3323.00,3323.00,0.00,3.90
burma14,nn,50,13,12054,3323.00,3323.00,0.00,3.13
burma14,nn,50,14,12055,3323.00,3323.00,0.00,3.35
burma14,nn,50,15,12056,3323.00,3323.00,0.00,3.55
burma14,nn,50,16,12057,3323.00,3323.00,0.00,3.30
burma14,nn,50,17,12058,3323.00,3323.00,0.00,3.37
burma14,nn,50,18,12059,3323.00,3323.00,0.00,3.43
burma14,nn,50,19,12060,3323.00,3323.00,0.00,3.55
burma14,nn,50,20,12061,3323.00,3323.00,0.00,3.62
burma14,nn,50,21,12062,3323.00,3323.00,0.00,3.14
burma14,nn,50,22,12063,3323.00,3323.00,0.00,3.01
burma14,nn,50,23,12064,3323.00,3323.00,0.00,3.00
burma14,nn,50,24,12065,3323.00,3323.00,0.00,2.97
burma14,nn,50,25,12066,3323.00,3323.00,0.00,2.95
burma14,nn,50,26,12067,3323.00,3323.00,0.00,2.96
burma14,nn,50,27,12068,3323.00,3323.00,0.00,3.24
burma14,nn,50,28,12069,3323.00,3323.00,0.00,3.27
burma14,nn,50,29,12070,3323.00,3323.00,0.00,2.88
burma14,nn,50,30,12071,3323.00,3323.00,0.00,2.97
burma14,nn,100,1,13042,3323.00,3323.00,0.00,5.39
burma14,nn,100,2,13043,3323.00,3323.00,0.00,4.96
burma14,nn,100,3,13044,3323.00,3323.00,0.00,4.97
burma14,nn,100,4,13045,3323.00,3323.00,0.00,5.05
burma14,nn,100,5,13046,3323.00,3323.00,0.00,2.21
burma14,nn,100,6,13047,3323.00,3323.00,0.00,1.90
burma14,nn,100,7,13048,3323.00,3323.00,0.00,1.89
burma14,nn,100,8,13049,3323.00,3323.00,0.00,1.91
burma14,nn,100,9,13050,3323.00,3323.00,0.00,1.94
burma14,nn,100,10,13051,3323.00,3323.00,0.00,1.91
burma14,nn,100,11,13052,3323.00,3323.00,0.00,1.88
burma14,nn,100,12,13053,3323.00,3323.00,0.00,1.94
burma14,nn,100,13,13054,3323.00,3323.00,0.00,1.94
burma14,nn,100,14,13055,3323.00,3323.00,0.00,1.93
burma14,nn,100,15,13056,3323.00,3323.00,0.00,1.96
burma14,nn,100,16,13057,3323.00,3323.00,0.00,1.96
burma14,nn,100,17,13058,3323.00,3323.00,0.00,2.15
burma14,nn,100,18,13059,3323.00,3323.00,0.00,2.03
burma14,nn,100,19,13060,3323.00,3323.00,0.00,2.02
burma14,nn,100,20,13061,3323.00,3323.00,0.00,2.15
burma14,nn,100,21,13062,3323.00,3323.00,0.00,2.02
burma14,nn,100,22,13063,3323.00,3323.00,0.00,2.00
burma14,nn,100,23,13064,3323.00,3323.00,0.00,2.30
burma14,nn,100,24,13065,3323.00,3323.00,0.00,2.13
burma14,nn,100,25,13066,3323.00,3323.00,0.00,2.08
burma14,nn,100,26,13067,3323.00,3323.00,0.00,2.05
burma14,nn,100,27,13068,3323.00,3323.00,0.00,2.04
burma14,nn,100,28,13069,3323.00,3323.00,0.00,1.95
burma14,nn,100,29,13070,3323.00,3323.00,0.00,1.98
burma14,nn,100,30,13071,3323.00,3323.00,0.00,1.98
burma14,nn,120,1,14042,3323.00,3323.00,0.00,2.32
burma14,nn,120,2,14043,3323.00,3323.00,0.00,2.35
burma14,nn,120,3,14044,3323.00,3323.00,0.00,2.40
burma14,nn,120,4,14045,3323.00,3323.00,0.00,2.31
burma14,nn,120,5,14046,3323.00,3323.00,0.00,2.30
burma14,nn,120,6,14047,3323.00,3323.00,0.00,2.42
burma14,nn,120,7,14048,3323.00,3323.00,0.00,2.30
burma14,nn,120,8,14049,3323.00,3323.00,0.00,2.32
burma14,nn,120,9,14050,3323.00,3323.00,0.00,2.35
burma14,nn,120,10,14051,3323.00,3323.00,0.00,2.43
burma14,nn,120,11,14052,3323.00,3323.00,0.00,2.33
burma14,nn,120,12,14053,3323.00,3323.00,0.00,2.32
burma14,nn,120,13,14054,3323.00,3323.00,0.00,2.33
burma14,nn,120,14,14055,3323.00,3323.00,0.00,2.35
burma14,nn,120,15,14056,3323.00,3323.00,0.00,2.32
burma14,nn,120,16,14057,3323.00,3323.00,0.00,2.29
burma14,nn,120,17,14058,3323.00,3323.00,0.00,2.43
burma14,nn,120,18,14059,3323.00,3323.00,0.00,2.37
burma14,nn,120,19,14060,3323.00,3323.00,0.00,2.39
burma14,nn,120,20,14061,3323.00,3323.00,0.00,2.38
burma14,nn,120,21,14062,3323.00,3323.00,0.00,2.32
burma14,nn,120,22,14063,3323.00,3323.00,0.00,2.31
burma14,nn,120,23,14064,3323.00,3323.00,0.00,2.33
burma14,nn,120,24,14065,3323.00,3323.00,0.00,2.30
burma14,nn,120,25,14066,3323.00,3323.00,0.00,2.30
burma14,nn,120,26,14067,3323.00,3323.00,0.00,2.27
burma14,nn,120,27,14068,3323.00,3323.00,0.00,2.27
burma14,nn,120,28,14069,3323.00,3323.00,0.00,2.31
burma14,nn,120,29,14070,3323.00,3323.00,0.00,2.53
burma14,nn,120,30,14071,3323.00,3323.00,0.00,2.32
burma14,nn,150,1,15042,3323.00,3323.00,0.00,2.93
burma14,nn,150,2,15043,3323.00,3323.00,0.00,2.97
burma14,nn,150,3,15044,3323.00,3323.00,0.00,2.99
burma14,nn,150,4,15045,3323.00,3323.00,0.00,2.90
burma14,nn,150,5,15046,3323.00,3323.00,0.00,2.96
burma14,nn,150,6,15047,3323.00,3323.00,0.00,2.92
burma14,nn,150,7,15048,3323.00,3323.00,0.00,3.01
burma14,nn,150,8,15049,3323.00,3323.00,0.00,2.88
burma14,nn,150,9,15050,3323.00,3323.00,0.00,2.87
burma14,nn,150,10,15051,3323.00,3323.00,0.00,3.01
burma14,nn,150,11,15052,3323.00,3323.00,0.00,2.93
burma14,nn,150,12,15053,3323.00,3323.00,0.00,2.94
burma14,nn,150,13,15054,3323.00,3323.00,0.00,2.92
burma14,nn,150,14,15055,3323.00,3323.00,0.00,2.93
burma14,nn,150,15,15056,3323.00,3323.00,0.00,2.94
burma14,nn,150,16,15057,3323.00,3323.00,0.00,2.94
burma14,nn,150,17,15058,3323.00,3323.00,0.00,4.51
burma14,nn,150,18,15059,3323.00,3323.00,0.00,4.88
burma14,nn,150,19,15060,3323.00,3323.00,0.00,7.06
burma14,nn,150,20,15061,3323.00,3323.00,0.00,12.11
burma14,nn,150,21,15062,3323.00,3323.00,0.00,4.86
burma14,nn,150,22,15063,3323.00,3323.00,0.00,4.12
burma14,nn,150,23,15064,3323.00,3323.00,0.00,4.26
burma14,nn,150,24,15065,3323.00,3323.00,0.00,4.23
burma14,nn,150,25,15066,3323.00,3323.00,0.00,3.62
burma14,nn,150,26,15067,3323.00,3323.00,0.00,3.35
burma14,nn,150,27,15068,3323.00,3323.00,0.00,3.05
burma14,nn,150,28,15069,3323.00,3323.00,0.00,3.23
burma14,nn,150,29,15070,3323.00,3323.00,0.00,2.91
burma14,nn,150,30,15071,3323.00,3323.00,0.00,2.91

EXPERIMENT 6 (nn): Generations
dataset,init_method,G,run,seed,best_cost,init_best,gap_percent,time_seconds
burma14,nn,100,1,15042,3323.00,3323.00,0.00,0.45
burma14,nn,100,2,15043,3323.00,3323.00,0.00,0.45
burma14,nn,100,3,15044,3323.00,3323.00,0.00,0.45
burma14,nn,100,4,15045,3323.00,3323.00,0.00,0.45
burma14,nn,100,5,15046,3323.00,3323.00,0.00,0.45
burma14,nn,100,6,15047,3323.00,3323.00,0.00,0.45
burma14,nn,100,7,15048,3323.00,3323.00,0.00,0.45
burma14,nn,100,8,15049,3323.00,3323.00,0.00,0.45
burma14,nn,100,9,15050,3323.00,3323.00,0.00,0.45
burma14,nn,100,10,15051,3323.00,3323.00,0.00,0.45
burma14,nn,100,11,15052,3323.00,3323.00,0.00,0.51
burma14,nn,100,12,15053,3323.00,3323.00,0.00,0.52
burma14,nn,100,13,15054,3323.00,3323.00,0.00,0.48
burma14,nn,100,14,15055,3323.00,3323.00,0.00,0.70
burma14,nn,100,15,15056,3323.00,3323.00,0.00,0.85
burma14,nn,100,16,15057,3323.00,3323.00,0.00,0.51
burma14,nn,100,17,15058,3323.00,3323.00,0.00,0.47
burma14,nn,100,18,15059,3323.00,3323.00,0.00,0.48
burma14,nn,100,19,15060,3323.00,3323.00,0.00,0.48
burma14,nn,100,20,15061,3323.00,3323.00,0.00,0.47
burma14,nn,100,21,15062,3323.00,3323.00,0.00,0.50
burma14,nn,100,22,15063,3323.00,3323.00,0.00,0.49
burma14,nn,100,23,15064,3323.00,3323.00,0.00,0.46
burma14,nn,100,24,15065,3323.00,3323.00,0.00,0.48
burma14,nn,100,25,15066,3323.00,3323.00,0.00,0.99
burma14,nn,100,26,15067,3323.00,3323.00,0.00,0.47
burma14,nn,100,27,15068,3323.00,3323.00,0.00,0.46
burma14,nn,100,28,15069,3323.00,3323.00,0.00,0.48
burma14,nn,100,29,15070,3323.00,3323.00,0.00,0.47
burma14,nn,100,30,15071,3323.00,3323.00,0.00,0.50
burma14,nn,300,1,16042,3323.00,3323.00,0.00,1.30
burma14,nn,300,2,16043,3323.00,3323.00,0.00,1.75
burma14,nn,300,3,16044,3323.00,3323.00,0.00,1.24
burma14,nn,300,4,16045,3323.00,3323.00,0.00,1.32
burma14,nn,300,5,16046,3323.00,3323.00,0.00,1.27
burma14,nn,300,6,16047,3323.00,3323.00,0.00,1.19
burma14,nn,300,7,16048,3323.00,3323.00,0.00,1.18
burma14,nn,300,8,16049,3323.00,3323.00,0.00,1.18
burma14,nn,300,9,16050,3323.00,3323.00,0.00,1.26
burma14,nn,300,10,16051,3323.00,3323.00,0.00,1.31
burma14,nn,300,11,16052,3323.00,3323.00,0.00,1.18
burma14,nn,300,12,16053,3323.00,3323.00,0.00,1.18
burma14,nn,300,13,16054,3323.00,3323.00,0.00,1.17
burma14,nn,300,14,16055,3323.00,3323.00,0.00,1.29
burma14,nn,300,15,16056,3323.00,3323.00,0.00,2.95
burma14,nn,300,16,16057,3323.00,3323.00,0.00,3.01
burma14,nn,300,17,16058,3323.00,3323.00,0.00,4.18
burma14,nn,300,18,16059,3323.00,3323.00,0.00,4.11
burma14,nn,300,19,16060,3323.00,3323.00,0.00,2.37
burma14,nn,300,20,16061,3323.00,3323.00,0.00,1.37
burma14,nn,300,21,16062,3323.00,3323.00,0.00,1.22
burma14,nn,300,22,16063,3323.00,3323.00,0.00,1.20
burma14,nn,300,23,16064,3323.00,3323.00,0.00,1.26
burma14,nn,300,24,16065,3323.00,3323.00,0.00,2.05
burma14,nn,300,25,16066,3323.00,3323.00,0.00,2.85
burma14,nn,300,26,16067,3323.00,3323.00,0.00,4.06
burma14,nn,300,27,16068,3323.00,3323.00,0.00,4.11
burma14,nn,300,28,16069,3323.00,3323.00,0.00,3.96
burma14,nn,300,29,16070,3323.00,3323.00,0.00,1.60
burma14,nn,300,30,16071,3323.00,3323.00,0.00,1.33
burma14,nn,500,1,17042,3323.00,3323.00,0.00,1.90
burma14,nn,500,2,17043,3323.00,3323.00,0.00,2.06
burma14,nn,500,3,17044,3323.00,3323.00,0.00,4.76
burma14,nn,500,4,17045,3323.00,3323.00,0.00,8.17
burma14,nn,500,5,17046,3323.00,3323.00,0.00,5.18
burma14,nn,500,6,17047,3323.00,3323.00,0.00,2.82
burma14,nn,500,7,17048,3323.00,3323.00,0.00,2.12
burma14,nn,500,8,17049,3323.00,3323.00,0.00,3.28
burma14,nn,500,9,17050,3323.00,3323.00,0.00,8.74
burma14,nn,500,10,17051,3323.00,3323.00,0.00,12.60
burma14,nn,500,11,17052,3323.00,3323.00,0.00,11.90
burma14,nn,500,12,17053,3323.00,3323.00,0.00,8.15
burma14,nn,500,13,17054,3323.00,3323.00,0.00,9.07
burma14,nn,500,14,17055,3323.00,3323.00,0.00,7.56
burma14,nn,500,15,17056,3323.00,3323.00,0.00,7.01
burma14,nn,500,16,17057,3323.00,3323.00,0.00,7.01
burma14,nn,500,17,17058,3323.00,3323.00,0.00,6.50
burma14,nn,500,18,17059,3323.00,3323.00,0.00,6.58
burma14,nn,500,19,17060,3323.00,3323.00,0.00,6.65
burma14,nn,500,20,17061,3323.00,3323.00,0.00,6.23
burma14,nn,500,21,17062,3323.00,3323.00,0.00,5.63
burma14,nn,500,22,17063,3323.00,3323.00,0.00,5.53
burma14,nn,500,23,17064,3323.00,3323.00,0.00,5.76
burma14,nn,500,24,17065,3323.00,3323.00,0.00,5.63
burma14,nn,500,25,17066,3323.00,3323.00,0.00,4.59
burma14,nn,500,26,17067,3323.00,3323.00,0.00,2.17
burma14,nn,500,27,17068,3323.00,3323.00,0.00,2.24
burma14,nn,500,28,17069,3323.00,3323.00,0.00,2.36
burma14,nn,500,29,17070,3323.00,3323.00,0.00,2.05
burma14,nn,500,30,17071,3323.00,3323.00,0.00,1.90
burma14,nn,800,1,18042,3323.00,3323.00,0.00,3.22
burma14,nn,800,2,18043,3323.00,3323.00,0.00,3.40
burma14,nn,800,3,18044,3323.00,3323.00,0.00,3.60
burma14,nn,800,4,18045,3323.00,3323.00,0.00,3.37
burma14,nn,800,5,18046,3323.00,3323.00,0.00,3.07
burma14,nn,800,6,18047,3323.00,3323.00,0.00,3.19
burma14,nn,800,7,18048,3323.00,3323.00,0.00,3.71
burma14,nn,800,8,18049,3323.00,3323.00,0.00,4.16
burma14,nn,800,9,18050,3323.00,3323.00,0.00,3.60
burma14,nn,800,10,18051,3323.00,3323.00,0.00,3.28
burma14,nn,800,11,18052,3323.00,3323.00,0.00,3.38
burma14,nn,800,12,18053,3323.00,3323.00,0.00,3.09
burma14,nn,800,13,18054,3323.00,3323.00,0.00,3.42
burma14,nn,800,14,18055,3323.00,3323.00,0.00,3.38
burma14,nn,800,15,18056,3323.00,3323.00,0.00,3.26
burma14,nn,800,16,18057,3323.00,3323.00,0.00,3.02
burma14,nn,800,17,18058,3323.00,3323.00,0.00,3.25
burma14,nn,800,18,18059,3323.00,3323.00,0.00,4.76
burma14,nn,800,19,18060,3323.00,3323.00,0.00,5.65
burma14,nn,800,20,18061,3323.00,3323.00,0.00,6.57
burma14,nn,800,21,18062,3323.00,3323.00,0.00,12.66
burma14,nn,800,22,18063,3323.00,3323.00,0.00,8.73
burma14,nn,800,23,18064,3323.00,3323.00,0.00,8.27
burma14,nn,800,24,18065,3323.00,3323.00,0.00,6.58
burma14,nn,800,25,18066,3323.00,3323.00,0.00,6.80
burma14,nn,800,26,18067,3323.00,3323.00,0.00,5.82
burma14,nn,800,27,18068,3323.00,3323.00,0.00,3.70
burma14,nn,800,28,18069,3323.00,3323.00,0.00,5.14
burma14,nn,800,29,18070,3323.00,3323.00,0.00,12.95
burma14,nn,800,30,18071,3323.00,3323.00,0.00,7.40

EXPERIMENT 4 (nn): Mutation Rate
dataset,init_method,m,run,seed,best_cost,init_best,gap_percent,time_seconds
burma14,nn,0.05,1,13042,3323.00,3323.00,0.00,2.67
burma14,nn,0.05,2,13043,3323.00,3323.00,0.00,5.20
burma14,nn,0.05,3,13044,3323.00,3323.00,0.00,7.65
burma14,nn,0.05,4,13045,3323.00,3323.00,0.00,7.73
burma14,nn,0.05,5,13046,3323.00,3323.00,0.00,3.86
burma14,nn,0.05,6,13047,3323.00,3323.00,0.00,2.70
burma14,nn,0.05,7,13048,3323.00,3323.00,0.00,5.52
burma14,nn,0.05,8,13049,3323.00,3323.00,0.00,7.28
burma14,nn,0.05,9,13050,3323.00,3323.00,0.00,7.06
burma14,nn,0.05,10,13051,3323.00,3323.00,0.00,3.23
burma14,nn,0.05,11,13052,3323.00,3323.00,0.00,2.66
burma14,nn,0.05,12,13053,3323.00,3323.00,0.00,9.47
burma14,nn,0.05,13,13054,3323.00,3323.00,0.00,13.46
burma14,nn,0.05,14,13055,3323.00,3323.00,0.00,9.76
burma14,nn,0.05,15,13056,3323.00,3323.00,0.00,7.86
burma14,nn,0.05,16,13057,3323.00,3323.00,0.00,8.17
burma14,nn,0.05,17,13058,3323.00,3323.00,0.00,7.66
burma14,nn,0.05,18,13059,3323.00,3323.00,0.00,7.83
burma14,nn,0.05,19,13060,3323.00,3323.00,0.00,6.74
burma14,nn,0.05,20,13061,3323.00,3323.00,0.00,10.73
burma14,nn,0.05,21,13062,3323.00,3323.00,0.00,7.50
burma14,nn,0.05,22,13063,3323.00,3323.00,0.00,6.50
burma14,nn,0.05,23,13064,3323.00,3323.00,0.00,8.50
burma14,nn,0.05,24,13065,3323.00,3323.00,0.00,6.12
burma14,nn,0.05,25,13066,3323.00,3323.00,0.00,5.87
burma14,nn,0.05,26,13067,3323.00,3323.00,0.00,5.59
burma14,nn,0.05,27,13068,3323.00,3323.00,0.00,6.85
burma14,nn,0.05,28,13069,3323.00,3323.00,0.00,8.21
burma14,nn,0.05,29,13070,3323.00,3323.00,0.00,7.19
burma14,nn,0.05,30,13071,3323.00,3323.00,0.00,6.55
burma14,nn,0.1,1,14042,3323.00,3323.00,0.00,2.27
burma14,nn,0.1,2,14043,3323.00,3323.00,0.00,2.04
burma14,nn,0.1,3,14044,3323.00,3323.00,0.00,2.10
burma14,nn,0.1,4,14045,3323.00,3323.00,0.00,2.02
burma14,nn,0.1,5,14046,3323.00,3323.00,0.00,2.16
burma14,nn,0.1,6,14047,3323.00,3323.00,0.00,2.10
burma14,nn,0.1,7,14048,3323.00,3323.00,0.00,2.13
burma14,nn,0.1,8,14049,3323.00,3323.00,0.00,2.15
burma14,nn,0.1,9,14050,3323.00,3323.00,0.00,2.23
burma14,nn,0.1,10,14051,3323.00,3323.00,0.00,2.18
burma14,nn,0.1,11,14052,3323.00,3323.00,0.00,2.10
burma14,nn,0.1,12,14053,3323.00,3323.00,0.00,1.95
burma14,nn,0.1,13,14054,3323.00,3323.00,0.00,2.15
burma14,nn,0.1,14,14055,3323.00,3323.00,0.00,2.13
burma14,nn,0.1,15,14056,3323.00,3323.00,0.00,2.10
burma14,nn,0.1,16,14057,3323.00,3323.00,0.00,1.95
burma14,nn,0.1,17,14058,3323.00,3323.00,0.00,1.97
burma14,nn,0.1,18,14059,3323.00,3323.00,0.00,1.95
burma14,nn,0.1,19,14060,3323.00,3323.00,0.00,2.02
burma14,nn,0.1,20,14061,3323.00,3323.00,0.00,2.01
burma14,nn,0.1,21,14062,3323.00,3323.00,0.00,2.20
burma14,nn,0.1,22,14063,3323.00,3323.00,0.00,2.09
burma14,nn,0.1,23,14064,3323.00,3323.00,0.00,2.06
burma14,nn,0.1,24,14065,3323.00,3323.00,0.00,2.11
burma14,nn,0.1,25,14066,3323.00,3323.00,0.00,2.35
burma14,nn,0.1,26,14067,3323.00,3323.00,0.00,2.20
burma14,nn,0.1,27,14068,3323.00,3323.00,0.00,2.31
burma14,nn,0.1,28,14069,3323.00,3323.00,0.00,2.08
burma14,nn,0.1,29,14070,3323.00,3323.00,0.00,2.05
burma14,nn,0.1,30,14071,3323.00,3323.00,0.00,2.02
burma14,nn,0.2,1,15042,3323.00,3323.00,0.00,2.06
burma14,nn,0.2,2,15043,3323.00,3323.00,0.00,1.96
burma14,nn,0.2,3,15044,3323.00,3323.00,0.00,1.97
burma14,nn,0.2,4,15045,3323.00,3323.00,0.00,1.97
burma14,nn,0.2,5,15046,3323.00,3323.00,0.00,2.02
burma14,nn,0.2,6,15047,3323.00,3323.00,0.00,2.10
burma14,nn,0.2,7,15048,3323.00,3323.00,0.00,1.97
burma14,nn,0.2,8,15049,3323.00,3323.00,0.00,1.96
burma14,nn,0.2,9,15050,3323.00,3323.00,0.00,2.30
burma14,nn,0.2,10,15051,3323.00,3323.00,0.00,2.05
burma14,nn,0.2,11,15052,3323.00,3323.00,0.00,2.00
burma14,nn,0.2,12,15053,3323.00,3323.00,0.00,2.36
burma14,nn,0.2,13,15054,3323.00,3323.00,0.00,2.70
burma14,nn,0.2,14,15055,3323.00,3323.00,0.00,2.59
burma14,nn,0.2,15,15056,3323.00,3323.00,0.00,2.54
burma14,nn,0.2,16,15057,3323.00,3323.00,0.00,2.45
burma14,nn,0.2,17,15058,3323.00,3323.00,0.00,2.12
burma14,nn,0.2,18,15059,3323.00,3323.00,0.00,2.35
burma14,nn,0.2,19,15060,3323.00,3323.00,0.00,2.27
burma14,nn,0.2,20,15061,3323.00,3323.00,0.00,1.98
burma14,nn,0.2,21,15062,3323.00,3323.00,0.00,1.97
burma14,nn,0.2,22,15063,3323.00,3323.00,0.00,2.03
burma14,nn,0.2,23,15064,3323.00,3323.00,0.00,1.97
burma14,nn,0.2,24,15065,3323.00,3323.00,0.00,2.46
burma14,nn,0.2,25,15066,3323.00,3323.00,0.00,2.14
burma14,nn,0.2,26,15067,3323.00,3323.00,0.00,1.96
burma14,nn,0.2,27,15068,3323.00,3323.00,0.00,1.95
burma14,nn,0.2,28,15069,3323.00,3323.00,0.00,2.10
burma14,nn,0.2,29,15070,3323.00,3323.00,0.00,2.00
burma14,nn,0.2,30,15071,3323.00,3323.00,0.00,2.14
burma14,nn,0.4,1,16042,3323.00,3323.00,0.00,2.29
burma14,nn,0.4,2,16043,3323.00,3323.00,0.00,2.08
burma14,nn,0.4,3,16044,3323.00,3323.00,0.00,2.12
burma14,nn,0.4,4,16045,3323.00,3323.00,0.00,2.04
burma14,nn,0.4,5,16046,3323.00,3323.00,0.00,2.13
burma14,nn,0.4,6,16047,3323.00,3323.00,0.00,2.96
burma14,nn,0.4,7,16048,3323.00,3323.00,0.00,2.64
burma14,nn,0.4,8,16049,3323.00,3323.00,0.00,3.03
burma14,nn,0.4,9,16050,3323.00,3323.00,0.00,4.90
burma14,nn,0.4,10,16051,3323.00,3323.00,0.00,7.22
burma14,nn,0.4,11,16052,3323.00,3323.00,0.00,5.08
burma14,nn,0.4,12,16053,3323.00,3323.00,0.00,2.08
burma14,nn,0.4,13,16054,3323.00,3323.00,0.00,1.95
burma14,nn,0.4,14,16055,3323.00,3323.00,0.00,3.04
burma14,nn,0.4,15,16056,3323.00,3323.00,0.00,6.19
burma14,nn,0.4,16,16057,3323.00,3323.00,0.00,7.66
burma14,nn,0.4,17,16058,3323.00,3323.00,0.00,7.78
burma14,nn,0.4,18,16059,3323.00,3323.00,0.00,6.28
burma14,nn,0.4,19,16060,3323.00,3323.00,0.00,6.34
burma14,nn,0.4,20,16061,3323.00,3323.00,0.00,7.06
burma14,nn,0.4,21,16062,3323.00,3323.00,0.00,6.96
burma14,nn,0.4,22,16063,3323.00,3323.00,0.00,5.94
burma14,nn,0.4,23,16064,3323.00,3323.00,0.00,2.68
burma14,nn,0.4,24,16065,3323.00,3323.00,0.00,2.28
burma14,nn,0.4,25,16066,3323.00,3323.00,0.00,2.22
burma14,nn,0.4,26,16067,3323.00,3323.00,0.00,2.60
burma14,nn,0.4,27,16068,3323.00,3323.00,0.00,3.33
burma14,nn,0.4,28,16069,3323.00,3323.00,0.00,3.40
burma14,nn,0.4,29,16070,3323.00,3323.00,0.00,2.99
burma14,nn,0.4,30,16071,3323.00,3323.00,0.00,2.77

EXPERIMENT 5 (nn): Replacement Rate
dataset,init_method,r,run,seed,best_cost,init_best,gap_percent,time_seconds
burma14,nn,0.3,1,14042,3323.00,3323.00,0.00,3.02
burma14,nn,0.3,2,14043,3323.00,3323.00,0.00,2.39
burma14,nn,0.3,3,14044,3323.00,3323.00,0.00,1.89
burma14,nn,0.3,4,14045,3323.00,3323.00,0.00,1.93
burma14,nn,0.3,5,14046,3323.00,3323.00,0.00,1.85
burma14,nn,0.3,6,14047,3323.00,3323.00,0.00,1.93
burma14,nn,0.3,7,14048,3323.00,3323.00,0.00,1.94
burma14,nn,0.3,8,14049,3323.00,3323.00,0.00,2.01
burma14,nn,0.3,9,14050,3323.00,3323.00,0.00,1.91
burma14,nn,0.3,10,14051,3323.00,3323.00,0.00,1.84
burma14,nn,0.3,11,14052,3323.00,3323.00,0.00,1.81
burma14,nn,0.3,12,14053,3323.00,3323.00,0.00,2.73
burma14,nn,0.3,13,14054,3323.00,3323.00,0.00,8.08
burma14,nn,0.3,14,14055,3323.00,3323.00,0.00,9.70
burma14,nn,0.3,15,14056,3323.00,3323.00,0.00,6.73
burma14,nn,0.3,16,14057,3323.00,3323.00,0.00,4.11
burma14,nn,0.3,17,14058,3323.00,3323.00,0.00,4.03
burma14,nn,0.3,18,14059,3323.00,3323.00,0.00,4.00
burma14,nn,0.3,19,14060,3323.00,3323.00,0.00,4.01
burma14,nn,0.3,20,14061,3323.00,3323.00,0.00,4.05
burma14,nn,0.3,21,14062,3323.00,3323.00,0.00,4.04
burma14,nn,0.3,22,14063,3323.00,3323.00,0.00,3.97
burma14,nn,0.3,23,14064,3323.00,3323.00,0.00,4.08
burma14,nn,0.3,24,14065,3323.00,3323.00,0.00,4.10
burma14,nn,0.3,25,14066,3323.00,3323.00,0.00,4.04
burma14,nn,0.3,26,14067,3323.00,3323.00,0.00,3.94
burma14,nn,0.3,27,14068,3323.00,3323.00,0.00,4.43
burma14,nn,0.3,28,14069,3323.00,3323.00,0.00,2.60
burma14,nn,0.3,29,14070,3323.00,3323.00,0.00,1.79
burma14,nn,0.3,30,14071,3323.00,3323.00,0.00,1.92
burma14,nn,0.5,1,15042,3323.00,3323.00,0.00,2.08
burma14,nn,0.5,2,15043,3323.00,3323.00,0.00,1.85
burma14,nn,0.5,3,15044,3323.00,3323.00,0.00,1.84
burma14,nn,0.5,4,15045,3323.00,3323.00,0.00,1.83
burma14,nn,0.5,5,15046,3323.00,3323.00,0.00,3.75
burma14,nn,0.5,6,15047,3323.00,3323.00,0.00,2.71
burma14,nn,0.5,7,15048,3323.00,3323.00,0.00,1.89
burma14,nn,0.5,8,15049,3323.00,3323.00,0.00,1.92
burma14,nn,0.5,9,15050,3323.00,3323.00,0.00,1.87
burma14,nn,0.5,10,15051,3323.00,3323.00,0.00,1.91
burma14,nn,0.5,11,15052,3323.00,3323.00,0.00,1.84
burma14,nn,0.5,12,15053,3323.00,3323.00,0.00,3.65
burma14,nn,0.5,13,15054,3323.00,3323.00,0.00,5.19
burma14,nn,0.5,14,15055,3323.00,3323.00,0.00,3.93
burma14,nn,0.5,15,15056,3323.00,3323.00,0.00,2.27
burma14,nn,0.5,16,15057,3323.00,3323.00,0.00,2.82
burma14,nn,0.5,17,15058,3323.00,3323.00,0.00,2.84
burma14,nn,0.5,18,15059,3323.00,3323.00,0.00,3.07
burma14,nn,0.5,19,15060,3323.00,3323.00,0.00,1.94
burma14,nn,0.5,20,15061,3323.00,3323.00,0.00,2.01
burma14,nn,0.5,21,15062,3323.00,3323.00,0.00,1.87
burma14,nn,0.5,22,15063,3323.00,3323.00,0.00,2.05
burma14,nn,0.5,23,15064,3323.00,3323.00,0.00,2.68
burma14,nn,0.5,24,15065,3323.00,3323.00,0.00,3.27
burma14,nn,0.5,25,15066,3323.00,3323.00,0.00,4.74
burma14,nn,0.5,26,15067,3323.00,3323.00,0.00,2.98
burma14,nn,0.5,27,15068,3323.00,3323.00,0.00,4.51
burma14,nn,0.5,28,15069,3323.00,3323.00,0.00,3.24
burma14,nn,0.5,29,15070,3323.00,3323.00,0.00,3.74
burma14,nn,0.5,30,15071,3323.00,3323.00,0.00,4.27
burma14,nn,0.7,1,16042,3323.00,3323.00,0.00,3.14
burma14,nn,0.7,2,16043,3323.00,3323.00,0.00,3.31
burma14,nn,0.7,3,16044,3323.00,3323.00,0.00,2.71
burma14,nn,0.7,4,16045,3323.00,3323.00,0.00,2.25
burma14,nn,0.7,5,16046,3323.00,3323.00,0.00,2.19
burma14,nn,0.7,6,16047,3323.00,3323.00,0.00,3.28
burma14,nn,0.7,7,16048,3323.00,3323.00,0.00,3.09
burma14,nn,0.7,8,16049,3323.00,3323.00,0.00,2.00
burma14,nn,0.7,9,16050,3323.00,3323.00,0.00,1.98
burma14,nn,0.7,10,16051,3323.00,3323.00,0.00,3.08
burma14,nn,0.7,11,16052,3323.00,3323.00,0.00,2.26
burma14,nn,0.7,12,16053,3323.00,3323.00,0.00,2.88
burma14,nn,0.7,13,16054,3323.00,3323.00,0.00,2.38
burma14,nn,0.7,14,16055,3323.00,3323.00,0.00,1.92
burma14,nn,0.7,15,16056,3323.00,3323.00,0.00,1.99
burma14,nn,0.7,16,16057,3323.00,3323.00,0.00,2.78
burma14,nn,0.7,17,16058,3323.00,3323.00,0.00,2.17
burma14,nn,0.7,18,16059,3323.00,3323.00,0.00,2.11
burma14,nn,0.7,19,16060,3323.00,3323.00,0.00,2.13
burma14,nn,0.7,20,16061,3323.00,3323.00,0.00,3.67
burma14,nn,0.7,21,16062,3323.00,3323.00,0.00,2.14
burma14,nn,0.7,22,16063,3323.00,3323.00,0.00,3.69
burma14,nn,0.7,23,16064,3323.00,3323.00,0.00,2.77
burma14,nn,0.7,24,16065,3323.00,3323.00,0.00,3.08
burma14,nn,0.7,25,16066,3323.00,3323.00,0.00,1.97
burma14,nn,0.7,26,16067,3323.00,3323.00,0.00,1.93
burma14,nn,0.7,27,16068,3323.00,3323.00,0.00,1.92
burma14,nn,0.7,28,16069,3323.00,3323.00,0.00,2.81
burma14,nn,0.7,29,16070,3323.00,3323.00,0.00,3.03
burma14,nn,0.7,30,16071,3323.00,3323.00,0.00,1.96
burma14,nn,0.9,1,17042,3323.00,3323.00,0.00,3.76
burma14,nn,0.9,2,17043,3323.00,3323.00,0.00,3.88
burma14,nn,0.9,3,17044,3323.00,3323.00,0.00,4.72
burma14,nn,0.9,4,17045,3323.00,3323.00,0.00,2.22
burma14,nn,0.9,5,17046,3323.00,3323.00,0.00,2.03
burma14,nn,0.9,6,17047,3323.00,3323.00,0.00,1.97
burma14,nn,0.9,7,17048,3323.00,3323.00,0.00,1.99
burma14,nn,0.9,8,17049,3323.00,3323.00,0.00,2.00
burma14,nn,0.9,9,17050,3323.00,3323.00,0.00,2.01
burma14,nn,0.9,10,17051,3323.00,3323.00,0.00,1.96
burma14,nn,0.9,11,17052,3323.00,3323.00,0.00,2.77
burma14,nn,0.9,12,17053,3323.00,3323.00,0.00,4.34
burma14,nn,0.9,13,17054,3323.00,3323.00,0.00,2.06
burma14,nn,0.9,14,17055,3323.00,3323.00,0.00,2.01
burma14,nn,0.9,15,17056,3323.00,3323.00,0.00,2.01
burma14,nn,0.9,16,17057,3323.00,3323.00,0.00,1.99
burma14,nn,0.9,17,17058,3323.00,3323.00,0.00,2.04
burma14,nn,0.9,18,17059,3323.00,3323.00,0.00,2.11
burma14,nn,0.9,19,17060,3323.00,3323.00,0.00,2.17
burma14,nn,0.9,20,17061,3323.00,3323.00,0.00,2.20
burma14,nn,0.9,21,17062,3323.00,3323.00,0.00,2.02
burma14,nn,0.9,22,17063,3323.00,3323.00,0.00,1.98
burma14,nn,0.9,23,17064,3323.00,3323.00,0.00,2.03
burma14,nn,0.9,24,17065,3323.00,3323.00,0.00,2.00
burma14,nn,0.9,25,17066,3323.00,3323.00,0.00,2.00
burma14,nn,0.9,26,17067,3323.00,3323.00,0.00,1.97
burma14,nn,0.9,27,17068,3323.00,3323.00,0.00,2.05
burma14,nn,0.9,28,17069,3323.00,3323.00,0.00,2.09
burma14,nn,0.9,29,17070,3323.00,3323.00,0.00,2.17
burma14,nn,0.9,30,17071,3323.00,3323.00,0.00,2.24

