EXPERIMENT 3 (random): Population Size
dataset,init,p,run,seed,init_best,best_cost,known_optimal,gap_percent,time_seconds
kroA200,random,50,1,302042,315990.00,88384.00,29368,200.95,2.50
kroA200,random,50,2,302043,317369.00,90320.00,29368,207.55,2.50
kroA200,random,50,3,302044,317107.00,94070.00,29368,220.31,2.49
kroA200,random,50,4,302045,312768.00,100262.00,29368,241.40,2.51
kroA200,random,50,5,302046,309089.00,98661.00,29368,235.95,2.53
kroA200,random,50,6,302047,315631.00,94485.00,29368,221.73,2.49
kroA200,random,50,7,302048,315599.00,96587.00,29368,228.89,2.51
kroA200,random,50,8,302049,318464.00,96101.00,29368,227.23,2.50
kroA200,random,50,9,302050,307976.00,93344.00,29368,217.84,2.50
kroA200,random,50,10,302051,316338.00,94964.00,29368,223.36,2.52
kroA200,random,100,1,303042,313058.00,73676.00,29368,150.87,4.93
kroA200,random,100,2,303043,294930.00,74954.00,29368,155.22,4.96
kroA200,random,100,3,303044,312785.00,73917.00,29368,151.69,4.97
kroA200,random,100,4,303045,313327.00,76825.00,29368,161.59,5.21
kroA200,random,100,5,303046,316636.00,74117.00,29368,152.37,5.00
kroA200,random,100,6,303047,313395.00,71578.00,29368,143.73,4.99
kroA200,random,100,7,303048,315326.00,85469.00,29368,191.03,4.95
kroA200,random,100,8,303049,314472.00,78517.00,29368,167.36,4.98
kroA200,random,100,9,303050,312272.00,72664.00,29368,147.43,4.94
kroA200,random,100,10,303051,311099.00,75226.00,29368,156.15,4.96
kroA200,random,120,1,304042,309323.00,67560.00,29368,130.05,5.97
kroA200,random,120,2,304043,314776.00,72880.00,29368,148.16,5.98
kroA200,random,120,3,304044,306656.00,73042.00,29368,148.71,5.94
kroA200,random,120,4,304045,309710.00,70525.00,29368,140.14,5.98
kroA200,random,120,5,304046,308987.00,71831.00,29368,144.59,5.95
kroA200,random,120,6,304047,309454.00,68401.00,29368,132.91,6.13
kroA200,random,120,7,304048,306743.00,71467.00,29368,143.35,6.07
kroA200,random,120,8,304049,304462.00,73294.00,29368,149.57,5.99
kroA200,random,120,9,304050,313317.00,73323.00,29368,149.67,6.01
kroA200,random,120,10,304051,305991.00,75226.00,29368,156.15,6.01
kroA200,random,150,1,305042,298111.00,64037.00,29368,118.05,7.47
kroA200,random,150,2,305043,311453.00,72708.00,29368,147.58,7.48
kroA200,random,150,3,305044,300476.00,65372.00,29368,122.60,7.43
kroA200,random,150,4,305045,311778.00,70063.00,29368,138.57,7.42
kroA200,random,150,5,305046,307187.00,69448.00,29368,136.48,7.49
kroA200,random,150,6,305047,308734.00,71252.00,29368,142.62,7.74
kroA200,random,150,7,305048,315598.00,68010.00,29368,131.58,7.51
kroA200,random,150,8,305049,304581.00,70441.00,29368,139.86,7.42
kroA200,random,150,9,305050,311310.00,64007.00,29368,117.95,7.42
kroA200,random,150,10,305051,309005.00,69180.00,29368,135.56,7.48

EXPERIMENT 6 (random): Generations
dataset,init,G,run,seed,init_best,best_cost,known_optimal,gap_percent,time_seconds
kroA200,random,100,1,305042,298111.00,151562.00,29368,416.08,0.99
kroA200,random,100,2,305043,314450.00,155718.00,29368,430.23,0.98
kroA200,random,100,3,305044,300476.00,155955.00,29368,431.04,0.99
kroA200,random,100,4,305045,311778.00,152992.00,29368,420.95,0.98
kroA200,random,100,5,305046,307187.00,157492.00,29368,436.27,1.00
kroA200,random,100,6,305047,312887.00,149570.00,29368,409.30,1.00
kroA200,random,100,7,305048,315598.00,153682.00,29368,423.30,1.00
kroA200,random,100,8,305049,313222.00,160188.00,29368,445.45,1.01
kroA200,random,100,9,305050,311310.00,156823.00,29368,433.99,0.98
kroA200,random,100,10,305051,309005.00,161212.00,29368,448.94,0.98
kroA200,random,300,1,306042,309731.00,98509.00,29368,235.43,2.97
kroA200,random,300,2,306043,314262.00,94074.00,29368,220.33,2.99
kroA200,random,300,3,306044,312448.00,102747.00,29368,249.86,2.96
kroA200,random,300,4,306045,302074.00,98055.00,29368,233.88,2.95
kroA200,random,300,5,306046,318749.00,96848.00,29368,229.77,2.95
kroA200,random,300,6,306047,311137.00,94875.00,29368,223.06,2.97
kroA200,random,300,7,306048,310347.00,96884.00,29368,229.90,3.07
kroA200,random,300,8,306049,316323.00,93591.00,29368,218.68,3.06
kroA200,random,300,9,306050,310989.00,97235.00,29368,231.09,3.03
kroA200,random,300,10,306051,304264.00,97983.00,29368,233.64,2.99
kroA200,random,500,1,307042,313457.00,76039.00,29368,158.92,4.93
kroA200,random,500,2,307043,305528.00,78096.00,29368,165.92,4.93
kroA200,random,500,3,307044,312346.00,75586.00,29368,157.38,4.93
kroA200,random,500,4,307045,314655.00,73618.00,29368,150.67,4.95
kroA200,random,500,5,307046,312080.00,80707.00,29368,174.81,4.91
kroA200,random,500,6,307047,307401.00,75700.00,29368,157.76,4.99
kroA200,random,500,7,307048,306939.00,75386.00,29368,156.69,4.94
kroA200,random,500,8,307049,311018.00,76036.00,29368,158.91,4.95
kroA200,random,500,9,307050,314696.00,79993.00,29368,172.38,4.92
kroA200,random,500,10,307051,315448.00,77393.00,29368,163.53,4.96
kroA200,random,800,1,308042,304910.00,60843.00,29368,107.17,7.97
kroA200,random,800,2,308043,310497.00,62668.00,29368,113.39,8.01
kroA200,random,800,3,308044,304020.00,57316.00,29368,95.16,7.87
kroA200,random,800,4,308045,308858.00,61442.00,29368,109.21,7.98
kroA200,random,800,5,308046,305585.00,55799.00,29368,90.00,7.93
kroA200,random,800,6,308047,315307.00,62501.00,29368,112.82,7.92
kroA200,random,800,7,308048,307538.00,64147.00,29368,118.42,7.85
kroA200,random,800,8,308049,316329.00,63409.00,29368,115.91,7.87
kroA200,random,800,9,308050,304087.00,67204.00,29368,128.83,7.95
kroA200,random,800,10,308051,307355.00,62483.00,29368,112.76,8.14

EXPERIMENT 4 (random): Mutation Rate
dataset,init,m,run,seed,init_best,best_cost,known_optimal,gap_percent,time_seconds
kroA200,random,0.05,1,303042,313058.00,79420.00,29368,170.43,4.97
kroA200,random,0.05,2,303043,294930.00,80424.00,29368,173.85,4.96
kroA200,random,0.05,3,303044,312785.00,90884.00,29368,209.47,4.95
kroA200,random,0.05,4,303045,313327.00,80807.00,29368,175.15,4.93
kroA200,random,0.05,5,303046,316636.00,77801.00,29368,164.92,4.91
kroA200,random,0.05,6,303047,313395.00,79660.00,29368,171.25,4.96
kroA200,random,0.05,7,303048,315326.00,87831.00,29368,199.07,4.97
kroA200,random,0.05,8,303049,314472.00,83813.00,29368,185.39,4.90
kroA200,random,0.05,9,303050,312272.00,83225.00,29368,183.39,4.90
kroA200,random,0.05,10,303051,311099.00,84860.00,29368,188.95,4.92
kroA200,random,0.1,1,304042,317346.00,74596.00,29368,154.00,4.95
kroA200,random,0.1,2,304043,320368.00,75178.00,29368,155.99,5.00
kroA200,random,0.1,3,304044,313421.00,75626.00,29368,157.51,5.02
kroA200,random,0.1,4,304045,309710.00,75990.00,29368,158.75,4.94
kroA200,random,0.1,5,304046,308987.00,77441.00,29368,163.69,4.89
kroA200,random,0.1,6,304047,309454.00,82388.00,29368,180.54,4.90
kroA200,random,0.1,7,304048,306743.00,75248.00,29368,156.22,4.89
kroA200,random,0.1,8,304049,304462.00,78331.00,29368,166.72,4.89
kroA200,random,0.1,9,304050,313317.00,74400.00,29368,153.34,4.88
kroA200,random,0.1,10,304051,305991.00,80055.00,29368,172.59,4.91
kroA200,random,0.2,1,305042,298111.00,70726.00,29368,140.83,4.93
kroA200,random,0.2,2,305043,314450.00,75846.00,29368,158.26,4.92
kroA200,random,0.2,3,305044,300476.00,73034.00,29368,148.69,4.90
kroA200,random,0.2,4,305045,311778.00,71122.00,29368,142.18,4.91
kroA200,random,0.2,5,305046,307187.00,71590.00,29368,143.77,4.91
kroA200,random,0.2,6,305047,312887.00,68539.00,29368,133.38,5.09
kroA200,random,0.2,7,305048,315598.00,70546.00,29368,140.21,4.94
kroA200,random,0.2,8,305049,313222.00,71634.00,29368,143.92,4.91
kroA200,random,0.2,9,305050,311310.00,70893.00,29368,141.40,4.92
kroA200,random,0.2,10,305051,309005.00,73487.00,29368,150.23,4.89
kroA200,random,0.4,1,306042,309731.00,74396.00,29368,153.32,4.95
kroA200,random,0.4,2,306043,314262.00,73217.00,29368,149.31,4.94
kroA200,random,0.4,3,306044,312448.00,76147.00,29368,159.29,4.95
kroA200,random,0.4,4,306045,302074.00,68800.00,29368,134.27,4.95
kroA200,random,0.4,5,306046,318749.00,74059.00,29368,152.18,4.95
kroA200,random,0.4,6,306047,311137.00,74335.00,29368,153.12,4.95
kroA200,random,0.4,7,306048,310347.00,75482.00,29368,157.02,4.94
kroA200,random,0.4,8,306049,316323.00,77485.00,29368,163.84,4.95
kroA200,random,0.4,9,306050,310989.00,72698.00,29368,147.54,5.08
kroA200,random,0.4,10,306051,304264.00,71933.00,29368,144.94,5.02

EXPERIMENT 5 (random): Replacement Rate
dataset,init,r,run,seed,init_best,best_cost,known_optimal,gap_percent,time_seconds
kroA200,random,0.3,1,304042,317346.00,87121.00,29368,196.65,4.59
kroA200,random,0.3,2,304043,320368.00,90332.00,29368,207.59,4.59
kroA200,random,0.3,3,304044,313421.00,90326.00,29368,207.57,4.56
kroA200,random,0.3,4,304045,309710.00,84379.00,29368,187.32,4.59
kroA200,random,0.3,5,304046,308987.00,88274.00,29368,200.58,4.56
kroA200,random,0.3,6,304047,309454.00,88868.00,29368,202.60,4.63
kroA200,random,0.3,7,304048,306743.00,87222.00,29368,197.00,4.59
kroA200,random,0.3,8,304049,304462.00,90386.00,29368,207.77,4.57
kroA200,random,0.3,9,304050,313317.00,83648.00,29368,184.83,4.57
kroA200,random,0.3,10,304051,305991.00,88848.00,29368,202.53,4.56
kroA200,random,0.5,1,305042,298111.00,79500.00,29368,170.70,4.79
kroA200,random,0.5,2,305043,314450.00,83091.00,29368,182.93,4.72
kroA200,random,0.5,3,305044,300476.00,80201.00,29368,173.09,4.84
kroA200,random,0.5,4,305045,311778.00,82172.00,29368,179.80,4.78
kroA200,random,0.5,5,305046,307187.00,82541.00,29368,181.06,4.79
kroA200,random,0.5,6,305047,312887.00,75527.00,29368,157.17,4.73
kroA200,random,0.5,7,305048,315598.00,82864.00,29368,182.16,4.73
kroA200,random,0.5,8,305049,313222.00,86984.00,29368,196.19,4.71
kroA200,random,0.5,9,305050,311310.00,81253.00,29368,176.67,4.80
kroA200,random,0.5,10,305051,309005.00,83820.00,29368,185.41,4.84
kroA200,random,0.7,1,306042,309731.00,74702.00,29368,154.37,5.00
kroA200,random,0.7,2,306043,314262.00,69773.00,29368,137.58,4.93
kroA200,random,0.7,3,306044,312448.00,75535.00,29368,157.20,4.99
kroA200,random,0.7,4,306045,302074.00,76865.00,29368,161.73,4.95
kroA200,random,0.7,5,306046,318749.00,77529.00,29368,163.99,4.96
kroA200,random,0.7,6,306047,311137.00,73556.00,29368,150.46,4.95
kroA200,random,0.7,7,306048,310347.00,75610.00,29368,157.46,5.11
kroA200,random,0.7,8,306049,316323.00,75341.00,29368,156.54,5.04
kroA200,random,0.7,9,306050,310989.00,79298.00,29368,170.01,4.99
kroA200,random,0.7,10,306051,304264.00,73062.00,29368,148.78,4.96
kroA200,random,0.9,1,307042,313457.00,78960.00,29368,168.86,5.12
kroA200,random,0.9,2,307043,305528.00,67750.00,29368,130.69,5.13
kroA200,random,0.9,3,307044,312346.00,71724.00,29368,144.23,5.10
kroA200,random,0.9,4,307045,314655.00,74962.00,29368,155.25,5.15
kroA200,random,0.9,5,307046,312080.00,74705.00,29368,154.38,5.12
kroA200,random,0.9,6,307047,307401.00,79406.00,29368,170.38,5.14
kroA200,random,0.9,7,307048,306939.00,72294.00,29368,146.17,5.07
kroA200,random,0.9,8,307049,311018.00,73149.00,29368,149.08,5.10
kroA200,random,0.9,9,307050,314696.00,74940.00,29368,155.18,5.06
kroA200,random,0.9,10,307051,315448.00,71875.00,29368,144.74,5.26

