EXPERIMENT 3 (smart): Population Size
dataset,init_method,p,run,seed,best_cost,init_best,gap_percent,time_seconds
kroA200,smart,50,1,32042,30028.00,30028.00,2.25,2.04
kroA200,smart,50,2,32043,30028.00,30028.00,2.25,2.03
kroA200,smart,50,3,32044,30028.00,30028.00,2.25,2.05
kroA200,smart,50,4,32045,30028.00,30028.00,2.25,2.03
kroA200,smart,50,5,32046,30028.00,30028.00,2.25,2.04
kroA200,smart,50,6,32047,30028.00,30028.00,2.25,2.03
kroA200,smart,50,7,32048,30028.00,30028.00,2.25,2.04
kroA200,smart,50,8,32049,29704.00,30028.00,1.14,2.04
kroA200,smart,50,9,32050,30028.00,30028.00,2.25,2.04
kroA200,smart,50,10,32051,30028.00,30028.00,2.25,2.04
kroA200,smart,100,1,33042,29849.00,30028.00,1.64,4.13
kroA200,smart,100,2,33043,30028.00,30028.00,2.25,4.14
kroA200,smart,100,3,33044,30028.00,30028.00,2.25,4.12
kroA200,smart,100,4,33045,30028.00,30028.00,2.25,4.12
kroA200,smart,100,5,33046,30028.00,30028.00,2.25,4.12
kroA200,smart,100,6,33047,30028.00,30028.00,2.25,4.12
kroA200,smart,100,7,33048,29956.00,30028.00,2.00,4.11
kroA200,smart,100,8,33049,30028.00,30028.00,2.25,4.14
kroA200,smart,100,9,33050,29856.00,30028.00,1.66,4.12
kroA200,smart,100,10,33051,30028.00,30028.00,2.25,4.12
kroA200,smart,120,1,34042,30028.00,30028.00,2.25,5.03
kroA200,smart,120,2,34043,30014.00,30028.00,2.20,5.01
kroA200,smart,120,3,34044,30028.00,30028.00,2.25,5.01
kroA200,smart,120,4,34045,30028.00,30028.00,2.25,5.00
kroA200,smart,120,5,34046,30028.00,30028.00,2.25,5.01
kroA200,smart,120,6,34047,29811.00,30028.00,1.51,5.00
kroA200,smart,120,7,34048,30028.00,30028.00,2.25,5.00
kroA200,smart,120,8,34049,30028.00,30028.00,2.25,5.01
kroA200,smart,120,9,34050,29901.00,30028.00,1.81,5.00
kroA200,smart,120,10,34051,29874.00,30028.00,1.72,4.99
kroA200,smart,150,1,35042,30028.00,30028.00,2.25,6.32
kroA200,smart,150,2,35043,30028.00,30028.00,2.25,6.31
kroA200,smart,150,3,35044,29845.00,30028.00,1.62,6.28
kroA200,smart,150,4,35045,29956.00,30028.00,2.00,6.28
kroA200,smart,150,5,35046,30028.00,30028.00,2.25,6.29
kroA200,smart,150,6,35047,29993.00,30028.00,2.13,6.31
kroA200,smart,150,7,35048,30028.00,30028.00,2.25,6.32
kroA200,smart,150,8,35049,30028.00,30028.00,2.25,6.31
kroA200,smart,150,9,35050,30015.00,30028.00,2.20,6.31
kroA200,smart,150,10,35051,30028.00,30028.00,2.25,6.32

EXPERIMENT 6 (smart): Generations
dataset,init_method,G,run,seed,best_cost,init_best,gap_percent,time_seconds
kroA200,smart,100,1,35042,30028.00,30028.00,2.25,2.65
kroA200,smart,100,2,35043,29849.00,30028.00,1.64,2.66
kroA200,smart,100,3,35044,30028.00,30028.00,2.25,2.65
kroA200,smart,100,4,35045,30028.00,30028.00,2.25,2.65
kroA200,smart,100,5,35046,30028.00,30028.00,2.25,2.66
kroA200,smart,100,6,35047,29777.00,30028.00,1.39,2.66
kroA200,smart,100,7,35048,30028.00,30028.00,2.25,2.64
kroA200,smart,100,8,35049,30028.00,30028.00,2.25,2.66
kroA200,smart,100,9,35050,29856.00,30028.00,1.66,2.65
kroA200,smart,100,10,35051,30028.00,30028.00,2.25,2.66
kroA200,smart,300,1,36042,30028.00,30028.00,2.25,3.39
kroA200,smart,300,2,36043,29849.00,30028.00,1.64,3.39
kroA200,smart,300,3,36044,30028.00,30028.00,2.25,3.39
kroA200,smart,300,4,36045,29849.00,30028.00,1.64,3.39
kroA200,smart,300,5,36046,29777.00,30028.00,1.39,3.39
kroA200,smart,300,6,36047,30028.00,30028.00,2.25,3.39
kroA200,smart,300,7,36048,30028.00,30028.00,2.25,3.38
kroA200,smart,300,8,36049,30009.00,30028.00,2.18,3.38
kroA200,smart,300,9,36050,29956.00,30028.00,2.00,3.39
kroA200,smart,300,10,36051,29856.00,30028.00,1.66,3.39
kroA200,smart,500,1,37042,30028.00,30028.00,2.25,4.13
kroA200,smart,500,2,37043,30028.00,30028.00,2.25,4.12
kroA200,smart,500,3,37044,29771.00,30028.00,1.37,4.13
kroA200,smart,500,4,37045,29881.00,30028.00,1.75,4.12
kroA200,smart,500,5,37046,29956.00,30028.00,2.00,4.13
kroA200,smart,500,6,37047,30028.00,30028.00,2.25,4.13
kroA200,smart,500,7,37048,29777.00,30028.00,1.39,4.13
kroA200,smart,500,8,37049,30028.00,30028.00,2.25,4.13
kroA200,smart,500,9,37050,30028.00,30028.00,2.25,4.12
kroA200,smart,500,10,37051,30028.00,30028.00,2.25,4.13
kroA200,smart,800,1,38042,29956.00,30028.00,2.00,5.24
kroA200,smart,800,2,38043,29849.00,30028.00,1.64,5.23
kroA200,smart,800,3,38044,29762.00,30028.00,1.34,5.24
kroA200,smart,800,4,38045,29777.00,30028.00,1.39,5.24
kroA200,smart,800,5,38046,30028.00,30028.00,2.25,5.25
kroA200,smart,800,6,38047,30028.00,30028.00,2.25,5.22
kroA200,smart,800,7,38048,30028.00,30028.00,2.25,5.25
kroA200,smart,800,8,38049,29849.00,30028.00,1.64,5.23
kroA200,smart,800,9,38050,29849.00,30028.00,1.64,5.24
kroA200,smart,800,10,38051,30028.00,30028.00,2.25,5.23

EXPERIMENT 4 (smart): Mutation Rate
dataset,init_method,m,run,seed,best_cost,init_best,gap_percent,time_seconds
kroA200,smart,0.05,1,33042,29849.00,30028.00,1.64,4.13
kroA200,smart,0.05,2,33043,30028.00,30028.00,2.25,4.13
kroA200,smart,0.05,3,33044,29777.00,30028.00,1.39,4.13
kroA200,smart,0.05,4,33045,30028.00,30028.00,2.25,4.12
kroA200,smart,0.05,5,33046,29842.00,30028.00,1.61,4.13
kroA200,smart,0.05,6,33047,30028.00,30028.00,2.25,4.12
kroA200,smart,0.05,7,33048,30028.00,30028.00,2.25,4.14
kroA200,smart,0.05,8,33049,30028.00,30028.00,2.25,4.14
kroA200,smart,0.05,9,33050,29849.00,30028.00,1.64,4.14
kroA200,smart,0.05,10,33051,30028.00,30028.00,2.25,4.13
kroA200,smart,0.1,1,34042,30028.00,30028.00,2.25,4.14
kroA200,smart,0.1,2,34043,30028.00,30028.00,2.25,4.14
kroA200,smart,0.1,3,34044,30028.00,30028.00,2.25,4.14
kroA200,smart,0.1,4,34045,30028.00,30028.00,2.25,4.14
kroA200,smart,0.1,5,34046,29956.00,30028.00,2.00,4.13
kroA200,smart,0.1,6,34047,30028.00,30028.00,2.25,4.14
kroA200,smart,0.1,7,34048,30028.00,30028.00,2.25,4.14
kroA200,smart,0.1,8,34049,29849.00,30028.00,1.64,4.13
kroA200,smart,0.1,9,34050,29777.00,30028.00,1.39,4.13
kroA200,smart,0.1,10,34051,30028.00,30028.00,2.25,4.14
kroA200,smart,0.2,1,35042,30028.00,30028.00,2.25,4.15
kroA200,smart,0.2,2,35043,30028.00,30028.00,2.25,4.14
kroA200,smart,0.2,3,35044,30028.00,30028.00,2.25,4.15
kroA200,smart,0.2,4,35045,30028.00,30028.00,2.25,4.14
kroA200,smart,0.2,5,35046,30028.00,30028.00,2.25,4.15
kroA200,smart,0.2,6,35047,29777.00,30028.00,1.39,4.14
kroA200,smart,0.2,7,35048,29849.00,30028.00,1.64,4.15
kroA200,smart,0.2,8,35049,29849.00,30028.00,1.64,4.14
kroA200,smart,0.2,9,35050,30000.00,30028.00,2.15,4.13
kroA200,smart,0.2,10,35051,30028.00,30028.00,2.25,4.14
kroA200,smart,0.4,1,36042,29856.00,30028.00,1.66,4.16
kroA200,smart,0.4,2,36043,29777.00,30028.00,1.39,4.16
kroA200,smart,0.4,3,36044,30028.00,30028.00,2.25,4.17
kroA200,smart,0.4,4,36045,30028.00,30028.00,2.25,4.17
kroA200,smart,0.4,5,36046,29777.00,30028.00,1.39,4.16
kroA200,smart,0.4,6,36047,29777.00,30028.00,1.39,4.16
kroA200,smart,0.4,7,36048,30028.00,30028.00,2.25,4.16
kroA200,smart,0.4,8,36049,30028.00,30028.00,2.25,4.15
kroA200,smart,0.4,9,36050,29956.00,30028.00,2.00,4.16
kroA200,smart,0.4,10,36051,30028.00,30028.00,2.25,4.17

EXPERIMENT 5 (smart): Replacement Rate
dataset,init_method,r,run,seed,best_cost,init_best,gap_percent,time_seconds
kroA200,smart,0.3,1,34042,30028.00,30028.00,2.25,4.00
kroA200,smart,0.3,2,34043,30028.00,30028.00,2.25,4.00
kroA200,smart,0.3,3,34044,29849.00,30028.00,1.64,3.99
kroA200,smart,0.3,4,34045,30028.00,30028.00,2.25,3.99
kroA200,smart,0.3,5,34046,30028.00,30028.00,2.25,4.00
kroA200,smart,0.3,6,34047,30028.00,30028.00,2.25,4.00
kroA200,smart,0.3,7,34048,30028.00,30028.00,2.25,4.00
kroA200,smart,0.3,8,34049,30028.00,30028.00,2.25,4.01
kroA200,smart,0.3,9,34050,30028.00,30028.00,2.25,3.99
kroA200,smart,0.3,10,34051,30028.00,30028.00,2.25,3.99
kroA200,smart,0.5,1,35042,30028.00,30028.00,2.25,4.07
kroA200,smart,0.5,2,35043,30028.00,30028.00,2.25,4.07
kroA200,smart,0.5,3,35044,29956.00,30028.00,2.00,4.06
kroA200,smart,0.5,4,35045,30028.00,30028.00,2.25,4.07
kroA200,smart,0.5,5,35046,30028.00,30028.00,2.25,4.07
kroA200,smart,0.5,6,35047,30028.00,30028.00,2.25,4.08
kroA200,smart,0.5,7,35048,30028.00,30028.00,2.25,4.08
kroA200,smart,0.5,8,35049,29883.00,30028.00,1.75,4.07
kroA200,smart,0.5,9,35050,29849.00,30028.00,1.64,4.07
kroA200,smart,0.5,10,35051,29956.00,30028.00,2.00,4.06
kroA200,smart,0.7,1,36042,30028.00,30028.00,2.25,4.15
kroA200,smart,0.7,2,36043,29849.00,30028.00,1.64,4.14
kroA200,smart,0.7,3,36044,30028.00,30028.00,2.25,4.15
kroA200,smart,0.7,4,36045,29849.00,30028.00,1.64,4.14
kroA200,smart,0.7,5,36046,29777.00,30028.00,1.39,4.14
kroA200,smart,0.7,6,36047,30028.00,30028.00,2.25,4.14
kroA200,smart,0.7,7,36048,30028.00,30028.00,2.25,4.14
kroA200,smart,0.7,8,36049,30009.00,30028.00,2.18,4.14
kroA200,smart,0.7,9,36050,29956.00,30028.00,2.00,4.15
kroA200,smart,0.7,10,36051,29856.00,30028.00,1.66,4.14
kroA200,smart,0.9,1,37042,29849.00,30028.00,1.64,4.21
kroA200,smart,0.9,2,37043,30028.00,30028.00,2.25,4.21
kroA200,smart,0.9,3,37044,30028.00,30028.00,2.25,4.22
kroA200,smart,0.9,4,37045,30028.00,30028.00,2.25,4.22
kroA200,smart,0.9,5,37046,30028.00,30028.00,2.25,4.21
kroA200,smart,0.9,6,37047,29849.00,30028.00,1.64,4.23
kroA200,smart,0.9,7,37048,30028.00,30028.00,2.25,4.22
kroA200,smart,0.9,8,37049,29884.00,30028.00,1.76,4.23
kroA200,smart,0.9,9,37050,29849.00,30028.00,1.64,4.22
kroA200,smart,0.9,10,37051,29849.00,30028.00,1.64,4.23

