EXPERIMENT 3 (nn): Population Size
dataset,init_method,p,run,seed,best_cost,init_best,gap_percent,time_seconds
kroA100,nn,50,1,12042,21689.00,21689.00,1.91,2.52
kroA100,nn,50,2,12043,21531.00,21689.00,1.17,2.53
kroA100,nn,50,3,12044,21689.00,21689.00,1.91,2.52
kroA100,nn,50,4,12045,21689.00,21689.00,1.91,2.49
kroA100,nn,50,5,12046,21689.00,21689.00,1.91,2.52
kroA100,nn,50,6,12047,21689.00,21689.00,1.91,2.57
kroA100,nn,50,7,12048,21689.00,21689.00,1.91,2.50
kroA100,nn,50,8,12049,21689.00,21689.00,1.91,2.51
kroA100,nn,50,9,12050,21689.00,21689.00,1.91,2.48
kroA100,nn,50,10,12051,21689.00,21689.00,1.91,2.45
kroA100,nn,50,11,12052,21689.00,21689.00,1.91,2.46
kroA100,nn,50,12,12053,21689.00,21689.00,1.91,2.46
kroA100,nn,50,13,12054,21689.00,21689.00,1.91,2.47
kroA100,nn,50,14,12055,21689.00,21689.00,1.91,2.46
kroA100,nn,50,15,12056,21689.00,21689.00,1.91,2.49
kroA100,nn,50,16,12057,21689.00,21689.00,1.91,2.52
kroA100,nn,50,17,12058,21689.00,21689.00,1.91,2.48
kroA100,nn,50,18,12059,21689.00,21689.00,1.91,2.45
kroA100,nn,50,19,12060,21689.00,21689.00,1.91,2.43
kroA100,nn,50,20,12061,21689.00,21689.00,1.91,2.46
kroA100,nn,50,21,12062,21689.00,21689.00,1.91,2.46
kroA100,nn,50,22,12063,21689.00,21689.00,1.91,2.46
kroA100,nn,50,23,12064,21689.00,21689.00,1.91,2.50
kroA100,nn,50,24,12065,21689.00,21689.00,1.91,2.52
kroA100,nn,50,25,12066,21689.00,21689.00,1.91,2.52
kroA100,nn,50,26,12067,21689.00,21689.00,1.91,2.47
kroA100,nn,50,27,12068,21689.00,21689.00,1.91,2.44
kroA100,nn,50,28,12069,21689.00,21689.00,1.91,2.51
kroA100,nn,50,29,12070,21689.00,21689.00,1.91,2.48
kroA100,nn,50,30,12071,21689.00,21689.00,1.91,2.49
kroA100,nn,100,1,13042,21689.00,21689.00,1.91,4.93
kroA100,nn,100,2,13043,21569.00,21689.00,1.35,4.98
kroA100,nn,100,3,13044,21689.00,21689.00,1.91,4.90
kroA100,nn,100,4,13045,21689.00,21689.00,1.91,4.89
kroA100,nn,100,5,13046,21689.00,21689.00,1.91,4.92
kroA100,nn,100,6,13047,21689.00,21689.00,1.91,4.95
kroA100,nn,100,7,13048,21689.00,21689.00,1.91,4.89
kroA100,nn,100,8,13049,21387.00,21689.00,0.49,4.88
kroA100,nn,100,9,13050,21676.00,21689.00,1.85,4.91
kroA100,nn,100,10,13051,21676.00,21689.00,1.85,4.98
kroA100,nn,100,11,13052,21689.00,21689.00,1.91,4.96
kroA100,nn,100,12,13053,21689.00,21689.00,1.91,4.88
kroA100,nn,100,13,13054,21484.00,21689.00,0.95,4.97
kroA100,nn,100,14,13055,21387.00,21689.00,0.49,4.94
kroA100,nn,100,15,13056,21689.00,21689.00,1.91,4.94
kroA100,nn,100,16,13057,21689.00,21689.00,1.91,4.88
kroA100,nn,100,17,13058,21689.00,21689.00,1.91,4.90
kroA100,nn,100,18,13059,21482.00,21689.00,0.94,4.92
kroA100,nn,100,19,13060,21689.00,21689.00,1.91,4.87
kroA100,nn,100,20,13061,21689.00,21689.00,1.91,4.89
kroA100,nn,100,21,13062,21689.00,21689.00,1.91,4.88
kroA100,nn,100,22,13063,21689.00,21689.00,1.91,4.88
kroA100,nn,100,23,13064,21689.00,21689.00,1.91,4.90
kroA100,nn,100,24,13065,21689.00,21689.00,1.91,4.95
kroA100,nn,100,25,13066,21689.00,21689.00,1.91,4.90
kroA100,nn,100,26,13067,21689.00,21689.00,1.91,4.92
kroA100,nn,100,27,13068,21458.00,21689.00,0.83,5.02
kroA100,nn,100,28,13069,21609.00,21689.00,1.54,4.90
kroA100,nn,100,29,13070,21689.00,21689.00,1.91,4.88
kroA100,nn,100,30,13071,21453.00,21689.00,0.80,4.85
kroA100,nn,120,1,14042,21689.00,21689.00,1.91,5.96
kroA100,nn,120,2,14043,21689.00,21689.00,1.91,5.92
kroA100,nn,120,3,14044,21689.00,21689.00,1.91,5.87
kroA100,nn,120,4,14045,21689.00,21689.00,1.91,6.51
kroA100,nn,120,5,14046,21458.00,21689.00,0.83,5.93
kroA100,nn,120,6,14047,21689.00,21689.00,1.91,5.95
kroA100,nn,120,7,14048,21689.00,21689.00,1.91,6.08
kroA100,nn,120,8,14049,21689.00,21689.00,1.91,6.00
kroA100,nn,120,9,14050,21676.00,21689.00,1.85,6.09
kroA100,nn,120,10,14051,21689.00,21689.00,1.91,6.20
kroA100,nn,120,11,14052,21595.00,21689.00,1.47,6.20
kroA100,nn,120,12,14053,21689.00,21689.00,1.91,6.12
kroA100,nn,120,13,14054,21689.00,21689.00,1.91,6.29
kroA100,nn,120,14,14055,21672.00,21689.00,1.83,6.08
kroA100,nn,120,15,14056,21689.00,21689.00,1.91,6.09
kroA100,nn,120,16,14057,21689.00,21689.00,1.91,5.99
kroA100,nn,120,17,14058,21689.00,21689.00,1.91,6.20
kroA100,nn,120,18,14059,21689.00,21689.00,1.91,6.05
kroA100,nn,120,19,14060,21458.00,21689.00,0.83,6.14
kroA100,nn,120,20,14061,21689.00,21689.00,1.91,6.09
kroA100,nn,120,21,14062,21689.00,21689.00,1.91,6.01
kroA100,nn,120,22,14063,21689.00,21689.00,1.91,5.96
kroA100,nn,120,23,14064,21648.00,21689.00,1.72,5.98
kroA100,nn,120,24,14065,21689.00,21689.00,1.91,6.04
kroA100,nn,120,25,14066,21689.00,21689.00,1.91,6.08
kroA100,nn,120,26,14067,21458.00,21689.00,0.83,6.12
kroA100,nn,120,27,14068,21458.00,21689.00,0.83,6.03
kroA100,nn,120,28,14069,21689.00,21689.00,1.91,6.09
kroA100,nn,120,29,14070,21689.00,21689.00,1.91,5.95
kroA100,nn,120,30,14071,21689.00,21689.00,1.91,6.05
kroA100,nn,150,1,15042,21689.00,21689.00,1.91,7.50
kroA100,nn,150,2,15043,21689.00,21689.00,1.91,7.42
kroA100,nn,150,3,15044,21689.00,21689.00,1.91,7.39
kroA100,nn,150,4,15045,21689.00,21689.00,1.91,7.38
kroA100,nn,150,5,15046,21689.00,21689.00,1.91,7.50
kroA100,nn,150,6,15047,21662.00,21689.00,1.79,7.62
kroA100,nn,150,7,15048,21689.00,21689.00,1.91,7.51
kroA100,nn,150,8,15049,21689.00,21689.00,1.91,7.46
kroA100,nn,150,9,15050,21689.00,21689.00,1.91,8.06
kroA100,nn,150,10,15051,21689.00,21689.00,1.91,7.51
kroA100,nn,150,11,15052,21689.00,21689.00,1.91,7.56
kroA100,nn,150,12,15053,21678.00,21689.00,1.86,7.54
kroA100,nn,150,13,15054,21689.00,21689.00,1.91,7.63
kroA100,nn,150,14,15055,21689.00,21689.00,1.91,7.63
kroA100,nn,150,15,15056,21689.00,21689.00,1.91,7.60
kroA100,nn,150,16,15057,21689.00,21689.00,1.91,7.58
kroA100,nn,150,17,15058,21640.00,21689.00,1.68,7.62
kroA100,nn,150,18,15059,21689.00,21689.00,1.91,7.70
kroA100,nn,150,19,15060,21676.00,21689.00,1.85,7.54
kroA100,nn,150,20,15061,21458.00,21689.00,0.83,7.76
kroA100,nn,150,21,15062,21689.00,21689.00,1.91,7.58
kroA100,nn,150,22,15063,21458.00,21689.00,0.83,7.54
kroA100,nn,150,23,15064,21458.00,21689.00,0.83,7.76
kroA100,nn,150,24,15065,21689.00,21689.00,1.91,7.56
kroA100,nn,150,25,15066,21482.00,21689.00,0.94,8.05
kroA100,nn,150,26,15067,21689.00,21689.00,1.91,7.61
kroA100,nn,150,27,15068,21689.00,21689.00,1.91,7.47
kroA100,nn,150,28,15069,21689.00,21689.00,1.91,7.40
kroA100,nn,150,29,15070,21689.00,21689.00,1.91,7.40
kroA100,nn,150,30,15071,21410.00,21689.00,0.60,7.36

EXPERIMENT 6 (nn): Generations
dataset,init_method,G,run,seed,best_cost,init_best,gap_percent,time_seconds
kroA100,nn,100,1,15042,21689.00,21689.00,1.91,2.77
kroA100,nn,100,2,15043,21689.00,21689.00,1.91,2.80
kroA100,nn,100,3,15044,21689.00,21689.00,1.91,2.80
kroA100,nn,100,4,15045,21689.00,21689.00,1.91,2.79
kroA100,nn,100,5,15046,21689.00,21689.00,1.91,2.77
kroA100,nn,100,6,15047,21517.00,21689.00,1.10,2.77
kroA100,nn,100,7,15048,21689.00,21689.00,1.91,2.78
kroA100,nn,100,8,15049,21689.00,21689.00,1.91,2.83
kroA100,nn,100,9,15050,21458.00,21689.00,0.83,2.88
kroA100,nn,100,10,15051,21689.00,21689.00,1.91,2.86
kroA100,nn,100,11,15052,21589.00,21689.00,1.44,2.81
kroA100,nn,100,12,15053,21689.00,21689.00,1.91,2.83
kroA100,nn,100,13,15054,21458.00,21689.00,0.83,2.81
kroA100,nn,100,14,15055,21689.00,21689.00,1.91,2.78
kroA100,nn,100,15,15056,21458.00,21689.00,0.83,2.80
kroA100,nn,100,16,15057,21689.00,21689.00,1.91,2.81
kroA100,nn,100,17,15058,21444.00,21689.00,0.76,2.79
kroA100,nn,100,18,15059,21689.00,21689.00,1.91,2.77
kroA100,nn,100,19,15060,21689.00,21689.00,1.91,2.80
kroA100,nn,100,20,15061,21458.00,21689.00,0.83,2.76
kroA100,nn,100,21,15062,21689.00,21689.00,1.91,2.77
kroA100,nn,100,22,15063,21689.00,21689.00,1.91,2.79
kroA100,nn,100,23,15064,21689.00,21689.00,1.91,2.76
kroA100,nn,100,24,15065,21689.00,21689.00,1.91,2.76
kroA100,nn,100,25,15066,21545.00,21689.00,1.24,2.81
kroA100,nn,100,26,15067,21689.00,21689.00,1.91,2.79
kroA100,nn,100,27,15068,21689.00,21689.00,1.91,2.77
kroA100,nn,100,28,15069,21689.00,21689.00,1.91,2.79
kroA100,nn,100,29,15070,21689.00,21689.00,1.91,2.79
kroA100,nn,100,30,15071,21672.00,21689.00,1.83,2.94
kroA100,nn,300,1,16042,21689.00,21689.00,1.91,3.89
kroA100,nn,300,2,16043,21689.00,21689.00,1.91,3.95
kroA100,nn,300,3,16044,21689.00,21689.00,1.91,4.01
kroA100,nn,300,4,16045,21672.00,21689.00,1.83,4.15
kroA100,nn,300,5,16046,21689.00,21689.00,1.91,4.06
kroA100,nn,300,6,16047,21662.00,21689.00,1.79,4.06
kroA100,nn,300,7,16048,21689.00,21689.00,1.91,4.00
kroA100,nn,300,8,16049,21689.00,21689.00,1.91,4.07
kroA100,nn,300,9,16050,21689.00,21689.00,1.91,3.98
kroA100,nn,300,10,16051,21458.00,21689.00,0.83,3.96
kroA100,nn,300,11,16052,21689.00,21689.00,1.91,3.93
kroA100,nn,300,12,16053,21662.00,21689.00,1.79,3.94
kroA100,nn,300,13,16054,21484.00,21689.00,0.95,3.93
kroA100,nn,300,14,16055,21458.00,21689.00,0.83,3.94
kroA100,nn,300,15,16056,21689.00,21689.00,1.91,3.95
kroA100,nn,300,16,16057,21458.00,21689.00,0.83,3.97
kroA100,nn,300,17,16058,21482.00,21689.00,0.94,3.90
kroA100,nn,300,18,16059,21689.00,21689.00,1.91,4.08
kroA100,nn,300,19,16060,21689.00,21689.00,1.91,3.96
kroA100,nn,300,20,16061,21689.00,21689.00,1.91,3.99
kroA100,nn,300,21,16062,21689.00,21689.00,1.91,4.12
kroA100,nn,300,22,16063,21458.00,21689.00,0.83,3.96
kroA100,nn,300,23,16064,21542.00,21689.00,1.22,4.12
kroA100,nn,300,24,16065,21589.00,21689.00,1.44,3.92
kroA100,nn,300,25,16066,21689.00,21689.00,1.91,3.93
kroA100,nn,300,26,16067,21458.00,21689.00,0.83,3.91
kroA100,nn,300,27,16068,21689.00,21689.00,1.91,3.92
kroA100,nn,300,28,16069,21689.00,21689.00,1.91,3.92
kroA100,nn,300,29,16070,21458.00,21689.00,0.83,4.00
kroA100,nn,300,30,16071,21640.00,21689.00,1.68,3.98
kroA100,nn,500,1,17042,21676.00,21689.00,1.85,5.06
kroA100,nn,500,2,17043,21662.00,21689.00,1.79,5.12
kroA100,nn,500,3,17044,21689.00,21689.00,1.91,5.11
kroA100,nn,500,4,17045,21458.00,21689.00,0.83,5.20
kroA100,nn,500,5,17046,21689.00,21689.00,1.91,5.09
kroA100,nn,500,6,17047,21662.00,21689.00,1.79,5.06
kroA100,nn,500,7,17048,21609.00,21689.00,1.54,4.96
kroA100,nn,500,8,17049,21689.00,21689.00,1.91,4.96
kroA100,nn,500,9,17050,21689.00,21689.00,1.91,4.93
kroA100,nn,500,10,17051,21689.00,21689.00,1.91,4.94
kroA100,nn,500,11,17052,21689.00,21689.00,1.91,4.93
kroA100,nn,500,12,17053,21589.00,21689.00,1.44,4.91
kroA100,nn,500,13,17054,21492.00,21689.00,0.99,4.91
kroA100,nn,500,14,17055,21689.00,21689.00,1.91,4.92
kroA100,nn,500,15,17056,21458.00,21689.00,0.83,4.91
kroA100,nn,500,16,17057,21689.00,21689.00,1.91,4.91
kroA100,nn,500,17,17058,21689.00,21689.00,1.91,5.03
kroA100,nn,500,18,17059,21458.00,21689.00,0.83,4.92
kroA100,nn,500,19,17060,21689.00,21689.00,1.91,4.97
kroA100,nn,500,20,17061,21689.00,21689.00,1.91,4.95
kroA100,nn,500,21,17062,21689.00,21689.00,1.91,4.90
kroA100,nn,500,22,17063,21689.00,21689.00,1.91,4.92
kroA100,nn,500,23,17064,21672.00,21689.00,1.83,4.91
kroA100,nn,500,24,17065,21689.00,21689.00,1.91,4.93
kroA100,nn,500,25,17066,21609.00,21689.00,1.54,4.91
kroA100,nn,500,26,17067,21458.00,21689.00,0.83,4.91
kroA100,nn,500,27,17068,21689.00,21689.00,1.91,4.86
kroA100,nn,500,28,17069,21689.00,21689.00,1.91,4.89
kroA100,nn,500,29,17070,21458.00,21689.00,0.83,4.89
kroA100,nn,500,30,17071,21689.00,21689.00,1.91,4.91
kroA100,nn,800,1,18042,21689.00,21689.00,1.91,6.51
kroA100,nn,800,2,18043,21689.00,21689.00,1.91,6.56
kroA100,nn,800,3,18044,21672.00,21689.00,1.83,6.49
kroA100,nn,800,4,18045,21689.00,21689.00,1.91,6.50
kroA100,nn,800,5,18046,21445.00,21689.00,0.77,6.45
kroA100,nn,800,6,18047,21484.00,21689.00,0.95,6.45
kroA100,nn,800,7,18048,21689.00,21689.00,1.91,6.44
kroA100,nn,800,8,18049,21689.00,21689.00,1.91,6.48
kroA100,nn,800,9,18050,21458.00,21689.00,0.83,6.44
kroA100,nn,800,10,18051,21689.00,21689.00,1.91,6.49
kroA100,nn,800,11,18052,21689.00,21689.00,1.91,6.53
kroA100,nn,800,12,18053,21689.00,21689.00,1.91,6.48
kroA100,nn,800,13,18054,21689.00,21689.00,1.91,6.51
kroA100,nn,800,14,18055,21689.00,21689.00,1.91,6.57
kroA100,nn,800,15,18056,21689.00,21689.00,1.91,6.49
kroA100,nn,800,16,18057,21689.00,21689.00,1.91,6.52
kroA100,nn,800,17,18058,21689.00,21689.00,1.91,6.48
kroA100,nn,800,18,18059,21689.00,21689.00,1.91,6.48
kroA100,nn,800,19,18060,21689.00,21689.00,1.91,6.48
kroA100,nn,800,20,18061,21689.00,21689.00,1.91,6.46
kroA100,nn,800,21,18062,21482.00,21689.00,0.94,6.48
kroA100,nn,800,22,18063,21662.00,21689.00,1.79,6.51
kroA100,nn,800,23,18064,21689.00,21689.00,1.91,6.53
kroA100,nn,800,24,18065,21689.00,21689.00,1.91,6.54
kroA100,nn,800,25,18066,21459.00,21689.00,0.83,6.50
kroA100,nn,800,26,18067,21458.00,21689.00,0.83,6.48
kroA100,nn,800,27,18068,21689.00,21689.00,1.91,6.41
kroA100,nn,800,28,18069,21689.00,21689.00,1.91,6.45
kroA100,nn,800,29,18070,21689.00,21689.00,1.91,6.49
kroA100,nn,800,30,18071,21689.00,21689.00,1.91,6.52

EXPERIMENT 4 (nn): Mutation Rate
dataset,init_method,m,run,seed,best_cost,init_best,gap_percent,time_seconds
kroA100,nn,0.05,1,13042,21689.00,21689.00,1.91,5.45
kroA100,nn,0.05,2,13043,21458.00,21689.00,0.83,5.59
kroA100,nn,0.05,3,13044,21689.00,21689.00,1.91,5.27
kroA100,nn,0.05,4,13045,21689.00,21689.00,1.91,6.89
kroA100,nn,0.05,5,13046,21689.00,21689.00,1.91,5.49
kroA100,nn,0.05,6,13047,21689.00,21689.00,1.91,5.45
kroA100,nn,0.05,7,13048,21689.00,21689.00,1.91,5.51
kroA100,nn,0.05,8,13049,21458.00,21689.00,0.83,5.21
kroA100,nn,0.05,9,13050,21662.00,21689.00,1.79,5.20
kroA100,nn,0.05,10,13051,21689.00,21689.00,1.91,5.16
kroA100,nn,0.05,11,13052,21689.00,21689.00,1.91,5.16
kroA100,nn,0.05,12,13053,21689.00,21689.00,1.91,5.13
kroA100,nn,0.05,13,13054,21689.00,21689.00,1.91,5.53
kroA100,nn,0.05,14,13055,21458.00,21689.00,0.83,5.20
kroA100,nn,0.05,15,13056,21689.00,21689.00,1.91,5.57
kroA100,nn,0.05,16,13057,21689.00,21689.00,1.91,5.36
kroA100,nn,0.05,17,13058,21689.00,21689.00,1.91,5.37
kroA100,nn,0.05,18,13059,21689.00,21689.00,1.91,5.56
kroA100,nn,0.05,19,13060,21689.00,21689.00,1.91,5.35
kroA100,nn,0.05,20,13061,21689.00,21689.00,1.91,5.37
kroA100,nn,0.05,21,13062,21689.00,21689.00,1.91,5.29
kroA100,nn,0.05,22,13063,21689.00,21689.00,1.91,5.57
kroA100,nn,0.05,23,13064,21458.00,21689.00,0.83,5.29
kroA100,nn,0.05,24,13065,21689.00,21689.00,1.91,5.20
kroA100,nn,0.05,25,13066,21689.00,21689.00,1.91,5.33
kroA100,nn,0.05,26,13067,21689.00,21689.00,1.91,5.27
kroA100,nn,0.05,27,13068,21616.00,21689.00,1.57,5.32
kroA100,nn,0.05,28,13069,21458.00,21689.00,0.83,5.43
kroA100,nn,0.05,29,13070,21689.00,21689.00,1.91,5.20
kroA100,nn,0.05,30,13071,21689.00,21689.00,1.91,5.13
kroA100,nn,0.1,1,14042,21458.00,21689.00,0.83,4.97
kroA100,nn,0.1,2,14043,21689.00,21689.00,1.91,5.02
kroA100,nn,0.1,3,14044,21458.00,21689.00,0.83,4.96
kroA100,nn,0.1,4,14045,21472.00,21689.00,0.89,4.97
kroA100,nn,0.1,5,14046,21689.00,21689.00,1.91,4.93
kroA100,nn,0.1,6,14047,21689.00,21689.00,1.91,4.94
kroA100,nn,0.1,7,14048,21689.00,21689.00,1.91,4.97
kroA100,nn,0.1,8,14049,21689.00,21689.00,1.91,5.00
kroA100,nn,0.1,9,14050,21689.00,21689.00,1.91,4.89
kroA100,nn,0.1,10,14051,21672.00,21689.00,1.83,4.97
kroA100,nn,0.1,11,14052,21689.00,21689.00,1.91,4.99
kroA100,nn,0.1,12,14053,21613.00,21689.00,1.56,5.10
kroA100,nn,0.1,13,14054,21689.00,21689.00,1.91,4.88
kroA100,nn,0.1,14,14055,21662.00,21689.00,1.79,4.92
kroA100,nn,0.1,15,14056,21689.00,21689.00,1.91,4.88
kroA100,nn,0.1,16,14057,21689.00,21689.00,1.91,4.91
kroA100,nn,0.1,17,14058,21689.00,21689.00,1.91,4.94
kroA100,nn,0.1,18,14059,21689.00,21689.00,1.91,4.90
kroA100,nn,0.1,19,14060,21492.00,21689.00,0.99,4.92
kroA100,nn,0.1,20,14061,21672.00,21689.00,1.83,4.97
kroA100,nn,0.1,21,14062,21689.00,21689.00,1.91,4.98
kroA100,nn,0.1,22,14063,21641.00,21689.00,1.69,4.93
kroA100,nn,0.1,23,14064,21589.00,21689.00,1.44,4.94
kroA100,nn,0.1,24,14065,21689.00,21689.00,1.91,5.00
kroA100,nn,0.1,25,14066,21689.00,21689.00,1.91,5.01
kroA100,nn,0.1,26,14067,21614.00,21689.00,1.56,5.00
kroA100,nn,0.1,27,14068,21689.00,21689.00,1.91,4.87
kroA100,nn,0.1,28,14069,21689.00,21689.00,1.91,4.96
kroA100,nn,0.1,29,14070,21387.00,21689.00,0.49,4.90
kroA100,nn,0.1,30,14071,21662.00,21689.00,1.79,4.86
kroA100,nn,0.2,1,15042,21689.00,21689.00,1.91,4.87
kroA100,nn,0.2,2,15043,21689.00,21689.00,1.91,4.91
kroA100,nn,0.2,3,15044,21689.00,21689.00,1.91,5.23
kroA100,nn,0.2,4,15045,21689.00,21689.00,1.91,5.03
kroA100,nn,0.2,5,15046,21445.00,21689.00,0.77,5.05
kroA100,nn,0.2,6,15047,21689.00,21689.00,1.91,5.02
kroA100,nn,0.2,7,15048,21689.00,21689.00,1.91,5.19
kroA100,nn,0.2,8,15049,21689.00,21689.00,1.91,5.01
kroA100,nn,0.2,9,15050,21458.00,21689.00,0.83,5.06
kroA100,nn,0.2,10,15051,21482.00,21689.00,0.94,5.05
kroA100,nn,0.2,11,15052,21689.00,21689.00,1.91,5.16
kroA100,nn,0.2,12,15053,21672.00,21689.00,1.83,5.16
kroA100,nn,0.2,13,15054,21662.00,21689.00,1.79,5.16
kroA100,nn,0.2,14,15055,21689.00,21689.00,1.91,5.20
kroA100,nn,0.2,15,15056,21458.00,21689.00,0.83,5.03
kroA100,nn,0.2,16,15057,21689.00,21689.00,1.91,5.17
kroA100,nn,0.2,17,15058,21689.00,21689.00,1.91,5.23
kroA100,nn,0.2,18,15059,21458.00,21689.00,0.83,5.15
kroA100,nn,0.2,19,15060,21689.00,21689.00,1.91,5.16
kroA100,nn,0.2,20,15061,21689.00,21689.00,1.91,5.13
kroA100,nn,0.2,21,15062,21689.00,21689.00,1.91,5.16
kroA100,nn,0.2,22,15063,21689.00,21689.00,1.91,5.11
kroA100,nn,0.2,23,15064,21689.00,21689.00,1.91,5.07
kroA100,nn,0.2,24,15065,21689.00,21689.00,1.91,5.10
kroA100,nn,0.2,25,15066,21616.00,21689.00,1.57,5.31
kroA100,nn,0.2,26,15067,21689.00,21689.00,1.91,5.27
kroA100,nn,0.2,27,15068,21689.00,21689.00,1.91,5.25
kroA100,nn,0.2,28,15069,21689.00,21689.00,1.91,5.33
kroA100,nn,0.2,29,15070,21689.00,21689.00,1.91,5.32
kroA100,nn,0.2,30,15071,21689.00,21689.00,1.91,5.39
kroA100,nn,0.4,1,16042,21458.00,21689.00,0.83,5.29
kroA100,nn,0.4,2,16043,21458.00,21689.00,0.83,5.30
kroA100,nn,0.4,3,16044,21689.00,21689.00,1.91,5.41
kroA100,nn,0.4,4,16045,21689.00,21689.00,1.91,5.33
kroA100,nn,0.4,5,16046,21482.00,21689.00,0.94,5.29
kroA100,nn,0.4,6,16047,21689.00,21689.00,1.91,5.34
kroA100,nn,0.4,7,16048,21614.00,21689.00,1.56,5.23
kroA100,nn,0.4,8,16049,21662.00,21689.00,1.79,5.22
kroA100,nn,0.4,9,16050,21689.00,21689.00,1.91,5.11
kroA100,nn,0.4,10,16051,21689.00,21689.00,1.91,5.29
kroA100,nn,0.4,11,16052,21689.00,21689.00,1.91,5.30
kroA100,nn,0.4,12,16053,21453.00,21689.00,0.80,5.30
kroA100,nn,0.4,13,16054,21662.00,21689.00,1.79,5.37
kroA100,nn,0.4,14,16055,21458.00,21689.00,0.83,5.28
kroA100,nn,0.4,15,16056,21689.00,21689.00,1.91,5.38
kroA100,nn,0.4,16,16057,21689.00,21689.00,1.91,5.27
kroA100,nn,0.4,17,16058,21689.00,21689.00,1.91,5.30
kroA100,nn,0.4,18,16059,21689.00,21689.00,1.91,5.21
kroA100,nn,0.4,19,16060,21689.00,21689.00,1.91,5.27
kroA100,nn,0.4,20,16061,21689.00,21689.00,1.91,5.26
kroA100,nn,0.4,21,16062,21689.00,21689.00,1.91,5.26
kroA100,nn,0.4,22,16063,21689.00,21689.00,1.91,5.25
kroA100,nn,0.4,23,16064,21689.00,21689.00,1.91,5.11
kroA100,nn,0.4,24,16065,21458.00,21689.00,0.83,5.20
kroA100,nn,0.4,25,16066,21689.00,21689.00,1.91,5.30
kroA100,nn,0.4,26,16067,21689.00,21689.00,1.91,5.34
kroA100,nn,0.4,27,16068,21689.00,21689.00,1.91,5.33
kroA100,nn,0.4,28,16069,21689.00,21689.00,1.91,5.39
kroA100,nn,0.4,29,16070,21689.00,21689.00,1.91,5.23
kroA100,nn,0.4,30,16071,21689.00,21689.00,1.91,5.22

EXPERIMENT 5 (nn): Replacement Rate
dataset,init_method,r,run,seed,best_cost,init_best,gap_percent,time_seconds
kroA100,nn,0.3,1,14042,21689.00,21689.00,1.91,5.05
kroA100,nn,0.3,2,14043,21689.00,21689.00,1.91,4.96
kroA100,nn,0.3,3,14044,21689.00,21689.00,1.91,4.95
kroA100,nn,0.3,4,14045,21689.00,21689.00,1.91,4.94
kroA100,nn,0.3,5,14046,21689.00,21689.00,1.91,5.00
kroA100,nn,0.3,6,14047,21689.00,21689.00,1.91,5.08
kroA100,nn,0.3,7,14048,21689.00,21689.00,1.91,5.20
kroA100,nn,0.3,8,14049,21689.00,21689.00,1.91,5.34
kroA100,nn,0.3,9,14050,21689.00,21689.00,1.91,4.96
kroA100,nn,0.3,10,14051,21689.00,21689.00,1.91,5.10
kroA100,nn,0.3,11,14052,21689.00,21689.00,1.91,5.17
kroA100,nn,0.3,12,14053,21689.00,21689.00,1.91,5.05
kroA100,nn,0.3,13,14054,21689.00,21689.00,1.91,5.31
kroA100,nn,0.3,14,14055,21689.00,21689.00,1.91,5.43
kroA100,nn,0.3,15,14056,21689.00,21689.00,1.91,5.40
kroA100,nn,0.3,16,14057,21689.00,21689.00,1.91,5.14
kroA100,nn,0.3,17,14058,21689.00,21689.00,1.91,5.03
kroA100,nn,0.3,18,14059,21689.00,21689.00,1.91,5.08
kroA100,nn,0.3,19,14060,21689.00,21689.00,1.91,5.03
kroA100,nn,0.3,20,14061,21672.00,21689.00,1.83,5.03
kroA100,nn,0.3,21,14062,21689.00,21689.00,1.91,5.16
kroA100,nn,0.3,22,14063,21689.00,21689.00,1.91,5.05
kroA100,nn,0.3,23,14064,21689.00,21689.00,1.91,5.09
kroA100,nn,0.3,24,14065,21689.00,21689.00,1.91,5.08
kroA100,nn,0.3,25,14066,21689.00,21689.00,1.91,5.03
kroA100,nn,0.3,26,14067,21689.00,21689.00,1.91,5.05
kroA100,nn,0.3,27,14068,21689.00,21689.00,1.91,5.00
kroA100,nn,0.3,28,14069,21689.00,21689.00,1.91,5.03
kroA100,nn,0.3,29,14070,21689.00,21689.00,1.91,4.99
kroA100,nn,0.3,30,14071,21689.00,21689.00,1.91,5.02
kroA100,nn,0.5,1,15042,21689.00,21689.00,1.91,5.14
kroA100,nn,0.5,2,15043,21689.00,21689.00,1.91,5.13
kroA100,nn,0.5,3,15044,21689.00,21689.00,1.91,5.08
kroA100,nn,0.5,4,15045,21689.00,21689.00,1.91,5.20
kroA100,nn,0.5,5,15046,21689.00,21689.00,1.91,5.13
kroA100,nn,0.5,6,15047,21615.00,21689.00,1.56,5.16
kroA100,nn,0.5,7,15048,21689.00,21689.00,1.91,5.17
kroA100,nn,0.5,8,15049,21672.00,21689.00,1.83,5.16
kroA100,nn,0.5,9,15050,21689.00,21689.00,1.91,5.10
kroA100,nn,0.5,10,15051,21689.00,21689.00,1.91,5.13
kroA100,nn,0.5,11,15052,21689.00,21689.00,1.91,5.10
kroA100,nn,0.5,12,15053,21689.00,21689.00,1.91,5.08
kroA100,nn,0.5,13,15054,21672.00,21689.00,1.83,5.07
kroA100,nn,0.5,14,15055,21689.00,21689.00,1.91,5.11
kroA100,nn,0.5,15,15056,21689.00,21689.00,1.91,5.12
kroA100,nn,0.5,16,15057,21689.00,21689.00,1.91,5.12
kroA100,nn,0.5,17,15058,21689.00,21689.00,1.91,5.19
kroA100,nn,0.5,18,15059,21458.00,21689.00,0.83,5.12
kroA100,nn,0.5,19,15060,21458.00,21689.00,0.83,5.32
kroA100,nn,0.5,20,15061,21609.00,21689.00,1.54,5.14
kroA100,nn,0.5,21,15062,21672.00,21689.00,1.83,5.14
kroA100,nn,0.5,22,15063,21689.00,21689.00,1.91,5.12
kroA100,nn,0.5,23,15064,21689.00,21689.00,1.91,5.15
kroA100,nn,0.5,24,15065,21689.00,21689.00,1.91,5.11
kroA100,nn,0.5,25,15066,21609.00,21689.00,1.54,5.09
kroA100,nn,0.5,26,15067,21458.00,21689.00,0.83,5.09
kroA100,nn,0.5,27,15068,21689.00,21689.00,1.91,5.14
kroA100,nn,0.5,28,15069,21689.00,21689.00,1.91,5.10
kroA100,nn,0.5,29,15070,21689.00,21689.00,1.91,5.09
kroA100,nn,0.5,30,15071,21689.00,21689.00,1.91,5.19
kroA100,nn,0.7,1,16042,21689.00,21689.00,1.91,5.22
kroA100,nn,0.7,2,16043,21689.00,21689.00,1.91,5.56
kroA100,nn,0.7,3,16044,21689.00,21689.00,1.91,5.23
kroA100,nn,0.7,4,16045,21672.00,21689.00,1.83,5.24
kroA100,nn,0.7,5,16046,21689.00,21689.00,1.91,5.30
kroA100,nn,0.7,6,16047,21662.00,21689.00,1.79,5.52
kroA100,nn,0.7,7,16048,21689.00,21689.00,1.91,5.19
kroA100,nn,0.7,8,16049,21689.00,21689.00,1.91,5.11
kroA100,nn,0.7,9,16050,21689.00,21689.00,1.91,5.14
kroA100,nn,0.7,10,16051,21458.00,21689.00,0.83,5.10
kroA100,nn,0.7,11,16052,21689.00,21689.00,1.91,5.10
kroA100,nn,0.7,12,16053,21662.00,21689.00,1.79,5.14
kroA100,nn,0.7,13,16054,21484.00,21689.00,0.95,5.16
kroA100,nn,0.7,14,16055,21458.00,21689.00,0.83,5.19
kroA100,nn,0.7,15,16056,21689.00,21689.00,1.91,5.14
kroA100,nn,0.7,16,16057,21458.00,21689.00,0.83,5.09
kroA100,nn,0.7,17,16058,21482.00,21689.00,0.94,5.10
kroA100,nn,0.7,18,16059,21689.00,21689.00,1.91,5.04
kroA100,nn,0.7,19,16060,21689.00,21689.00,1.91,5.07
kroA100,nn,0.7,20,16061,21689.00,21689.00,1.91,5.07
kroA100,nn,0.7,21,16062,21689.00,21689.00,1.91,5.12
kroA100,nn,0.7,22,16063,21458.00,21689.00,0.83,5.06
kroA100,nn,0.7,23,16064,21542.00,21689.00,1.22,5.06
kroA100,nn,0.7,24,16065,21589.00,21689.00,1.44,5.05
kroA100,nn,0.7,25,16066,21689.00,21689.00,1.91,5.15
kroA100,nn,0.7,26,16067,21458.00,21689.00,0.83,5.14
kroA100,nn,0.7,27,16068,21689.00,21689.00,1.91,5.16
kroA100,nn,0.7,28,16069,21689.00,21689.00,1.91,5.13
kroA100,nn,0.7,29,16070,21458.00,21689.00,0.83,5.24
kroA100,nn,0.7,30,16071,21640.00,21689.00,1.68,5.12
kroA100,nn,0.9,1,17042,21689.00,21689.00,1.91,5.22
kroA100,nn,0.9,2,17043,21614.00,21689.00,1.56,5.19
kroA100,nn,0.9,3,17044,21689.00,21689.00,1.91,5.15
kroA100,nn,0.9,4,17045,21689.00,21689.00,1.91,5.16
kroA100,nn,0.9,5,17046,21650.00,21689.00,1.73,5.11
kroA100,nn,0.9,6,17047,21689.00,21689.00,1.91,5.17
kroA100,nn,0.9,7,17048,21689.00,21689.00,1.91,5.20
kroA100,nn,0.9,8,17049,21689.00,21689.00,1.91,5.20
kroA100,nn,0.9,9,17050,21689.00,21689.00,1.91,5.17
kroA100,nn,0.9,10,17051,21445.00,21689.00,0.77,5.34
kroA100,nn,0.9,11,17052,21689.00,21689.00,1.91,5.29
kroA100,nn,0.9,12,17053,21689.00,21689.00,1.91,5.18
kroA100,nn,0.9,13,17054,21689.00,21689.00,1.91,5.22
kroA100,nn,0.9,14,17055,21689.00,21689.00,1.91,5.17
kroA100,nn,0.9,15,17056,21689.00,21689.00,1.91,5.13
kroA100,nn,0.9,16,17057,21689.00,21689.00,1.91,5.23
kroA100,nn,0.9,17,17058,21689.00,21689.00,1.91,5.25
kroA100,nn,0.9,18,17059,21672.00,21689.00,1.83,5.13
kroA100,nn,0.9,19,17060,21689.00,21689.00,1.91,5.12
kroA100,nn,0.9,20,17061,21689.00,21689.00,1.91,5.11
kroA100,nn,0.9,21,17062,21689.00,21689.00,1.91,5.19
kroA100,nn,0.9,22,17063,21689.00,21689.00,1.91,5.16
kroA100,nn,0.9,23,17064,21689.00,21689.00,1.91,5.17
kroA100,nn,0.9,24,17065,21534.00,21689.00,1.18,5.14
kroA100,nn,0.9,25,17066,21689.00,21689.00,1.91,5.12
kroA100,nn,0.9,26,17067,21445.00,21689.00,0.77,5.15
kroA100,nn,0.9,27,17068,21689.00,21689.00,1.91,5.13
kroA100,nn,0.9,28,17069,21689.00,21689.00,1.91,5.49
kroA100,nn,0.9,29,17070,21689.00,21689.00,1.91,5.24
kroA100,nn,0.9,30,17071,21616.00,21689.00,1.57,5.26

