EXPERIMENT 3 (angle): Population Size
dataset,init,p,run,seed,init_best,best_cost,known_optimal,gap_percent,time_seconds
pcb442,angle,50,1,422042,227644.00,181136.00,50778,256.72,6.97
pcb442,angle,50,2,422043,227484.00,189097.00,50778,272.40,5.45
pcb442,angle,50,3,422044,232670.00,190350.00,50778,274.87,5.84
pcb442,angle,50,4,422045,227052.00,188225.00,50778,270.68,5.66
pcb442,angle,50,5,422046,233072.00,190076.00,50778,274.33,5.66
pcb442,angle,50,6,422047,232865.00,182748.00,50778,259.90,5.67
pcb442,angle,50,7,422048,225277.00,180695.00,50778,255.85,5.65
pcb442,angle,50,8,422049,227478.00,178452.00,50778,251.44,5.89
pcb442,angle,50,9,422050,231523.00,187218.00,50778,268.70,5.61
pcb442,angle,50,10,422051,229573.00,185268.00,50778,264.86,5.69
pcb442,angle,100,1,423042,232266.00,154232.00,50778,203.74,11.66
pcb442,angle,100,2,423043,227761.00,151784.00,50778,198.92,11.04
pcb442,angle,100,3,423044,229989.00,150581.00,50778,196.55,11.09
pcb442,angle,100,4,423045,228951.00,152483.00,50778,200.29,11.11
pcb442,angle,100,5,423046,229787.00,157608.00,50778,210.39,11.10
pcb442,angle,100,6,423047,230519.00,148210.00,50778,191.88,11.11
pcb442,angle,100,7,423048,229158.00,143157.00,50778,181.93,11.19
pcb442,angle,100,8,423049,227358.00,142434.00,50778,180.50,11.75
pcb442,angle,100,9,423050,228141.00,151948.00,50778,199.24,11.50
pcb442,angle,100,10,423051,228982.00,154802.00,50778,204.86,11.42
pcb442,angle,120,1,424042,231292.00,140491.00,50778,176.68,13.85
pcb442,angle,120,2,424043,226846.00,146978.00,50778,189.45,13.98
pcb442,angle,120,3,424044,224985.00,137356.00,50778,170.50,13.87
pcb442,angle,120,4,424045,228864.00,147402.00,50778,190.29,13.71
pcb442,angle,120,5,424046,227956.00,139746.00,50778,175.21,13.73
pcb442,angle,120,6,424047,226086.00,143146.00,50778,181.91,13.79
pcb442,angle,120,7,424048,229830.00,139180.00,50778,174.10,14.68
pcb442,angle,120,8,424049,228583.00,147951.00,50778,191.37,13.96
pcb442,angle,120,9,424050,228722.00,145050.00,50778,185.66,13.87
pcb442,angle,120,10,424051,228480.00,143967.00,50778,183.52,13.82
pcb442,angle,150,1,425042,228125.00,124744.00,50778,145.67,17.20
pcb442,angle,150,2,425043,229208.00,139529.00,50778,174.78,17.40
pcb442,angle,150,3,425044,229486.00,139113.00,50778,173.96,17.20
pcb442,angle,150,4,425045,228599.00,125989.00,50778,148.12,17.19
pcb442,angle,150,5,425046,228319.00,130530.00,50778,157.06,17.40
pcb442,angle,150,6,425047,228272.00,132717.00,50778,161.37,17.37
pcb442,angle,150,7,425048,227271.00,134502.00,50778,164.88,17.24
pcb442,angle,150,8,425049,230236.00,138419.00,50778,172.60,17.16
pcb442,angle,150,9,425050,226544.00,135565.00,50778,166.98,17.45
pcb442,angle,150,10,425051,226804.00,130978.00,50778,157.94,17.24

EXPERIMENT 6 (angle): Generations
dataset,init,G,run,seed,init_best,best_cost,known_optimal,gap_percent,time_seconds
pcb442,angle,100,1,425042,228125.00,186253.00,50778,266.80,2.36
pcb442,angle,100,2,425043,229705.00,197549.00,50778,289.04,2.32
pcb442,angle,100,3,425044,230704.00,189168.00,50778,272.54,2.36
pcb442,angle,100,4,425045,228785.00,190201.00,50778,274.57,2.34
pcb442,angle,100,5,425046,229734.00,197446.00,50778,288.84,2.34
pcb442,angle,100,6,425047,230826.00,196372.00,50778,286.73,2.33
pcb442,angle,100,7,425048,227271.00,198605.00,50778,291.12,2.35
pcb442,angle,100,8,425049,230236.00,198113.00,50778,290.16,2.35
pcb442,angle,100,9,425050,226544.00,188906.00,50778,272.02,2.34
pcb442,angle,100,10,425051,226804.00,198035.00,50778,290.00,2.35
pcb442,angle,300,1,426042,227865.00,163691.00,50778,222.37,6.97
pcb442,angle,300,2,426043,228764.00,163082.00,50778,221.17,6.91
pcb442,angle,300,3,426044,229673.00,168189.00,50778,231.22,7.03
pcb442,angle,300,4,426045,229026.00,161343.00,50778,217.74,7.18
pcb442,angle,300,5,426046,225420.00,172391.00,50778,239.50,6.98
pcb442,angle,300,6,426047,227018.00,170750.00,50778,236.27,6.93
pcb442,angle,300,7,426048,228665.00,165217.00,50778,225.37,7.15
pcb442,angle,300,8,426049,228540.00,160720.00,50778,216.52,7.03
pcb442,angle,300,9,426050,230088.00,167655.00,50778,230.17,6.98
pcb442,angle,300,10,426051,230084.00,157014.00,50778,209.22,6.94
pcb442,angle,500,1,427042,228624.00,152459.00,50778,200.25,11.51
pcb442,angle,500,2,427043,228151.00,157984.00,50778,211.13,11.88
pcb442,angle,500,3,427044,227920.00,153757.00,50778,202.80,11.61
pcb442,angle,500,4,427045,229653.00,149024.00,50778,193.48,11.62
pcb442,angle,500,5,427046,230008.00,161516.00,50778,218.08,11.61
pcb442,angle,500,6,427047,226740.00,155475.00,50778,206.19,11.69
pcb442,angle,500,7,427048,227718.00,143270.00,50778,182.15,11.61
pcb442,angle,500,8,427049,228240.00,153667.00,50778,202.63,11.84
pcb442,angle,500,9,427050,228018.00,160299.00,50778,215.69,11.62
pcb442,angle,500,10,427051,226297.00,154253.00,50778,203.78,11.64
pcb442,angle,800,1,428042,227721.00,138430.00,50778,172.62,18.50
pcb442,angle,800,2,428043,228395.00,137416.00,50778,170.62,18.72
pcb442,angle,800,3,428044,229217.00,132631.00,50778,161.20,18.69
pcb442,angle,800,4,428045,228448.00,131190.00,50778,158.36,18.52
pcb442,angle,800,5,428046,231256.00,133451.00,50778,162.81,18.56
pcb442,angle,800,6,428047,227811.00,138660.00,50778,173.07,19.06
pcb442,angle,800,7,428048,227600.00,138836.00,50778,173.42,18.62
pcb442,angle,800,8,428049,229890.00,135421.00,50778,166.69,18.71
pcb442,angle,800,9,428050,229596.00,139159.00,50778,174.05,18.92
pcb442,angle,800,10,428051,226658.00,137813.00,50778,171.40,18.71

EXPERIMENT 4 (angle): Mutation Rate
dataset,init,m,run,seed,init_best,best_cost,known_optimal,gap_percent,time_seconds
pcb442,angle,0.05,1,423042,232266.00,166717.00,50778,228.33,11.58
pcb442,angle,0.05,2,423043,227761.00,160300.00,50778,215.69,11.65
pcb442,angle,0.05,3,423044,229989.00,162940.00,50778,220.89,11.58
pcb442,angle,0.05,4,423045,228951.00,166870.00,50778,228.63,12.03
pcb442,angle,0.05,5,423046,229787.00,158810.00,50778,212.75,11.70
pcb442,angle,0.05,6,423047,230519.00,162661.00,50778,220.34,11.71
pcb442,angle,0.05,7,423048,229158.00,165345.00,50778,225.62,11.68
pcb442,angle,0.05,8,423049,227358.00,161694.00,50778,218.43,11.71
pcb442,angle,0.05,9,423050,228141.00,162475.00,50778,219.97,11.75
pcb442,angle,0.05,10,423051,228982.00,159175.00,50778,213.47,12.02
pcb442,angle,0.1,1,424042,231292.00,149830.00,50778,195.07,11.72
pcb442,angle,0.1,2,424043,226846.00,146749.00,50778,189.00,11.71
pcb442,angle,0.1,3,424044,224985.00,156419.00,50778,208.04,11.71
pcb442,angle,0.1,4,424045,230413.00,161071.00,50778,217.21,11.79
pcb442,angle,0.1,5,424046,229960.00,155931.00,50778,207.08,11.86
pcb442,angle,0.1,6,424047,226086.00,150671.00,50778,196.72,11.88
pcb442,angle,0.1,7,424048,229830.00,148644.00,50778,192.73,11.71
pcb442,angle,0.1,8,424049,228583.00,155932.00,50778,207.09,11.83
pcb442,angle,0.1,9,424050,228722.00,155110.00,50778,205.47,11.64
pcb442,angle,0.1,10,424051,228480.00,146338.00,50778,188.19,11.71
pcb442,angle,0.2,1,425042,228125.00,141454.00,50778,178.57,12.12
pcb442,angle,0.2,2,425043,229705.00,138992.00,50778,173.72,11.75
pcb442,angle,0.2,3,425044,230704.00,142005.00,50778,179.66,11.69
pcb442,angle,0.2,4,425045,228785.00,140826.00,50778,177.34,11.73
pcb442,angle,0.2,5,425046,229734.00,139347.00,50778,174.42,11.61
pcb442,angle,0.2,6,425047,230826.00,133372.00,50778,162.66,11.63
pcb442,angle,0.2,7,425048,227271.00,138299.00,50778,172.36,11.87
pcb442,angle,0.2,8,425049,230236.00,140061.00,50778,175.83,11.64
pcb442,angle,0.2,9,425050,226544.00,139655.00,50778,175.03,11.61
pcb442,angle,0.2,10,425051,226804.00,142411.00,50778,180.46,11.61
pcb442,angle,0.4,1,426042,227865.00,132715.00,50778,161.36,11.65
pcb442,angle,0.4,2,426043,228764.00,128638.00,50778,153.33,11.82
pcb442,angle,0.4,3,426044,229673.00,137836.00,50778,171.45,11.73
pcb442,angle,0.4,4,426045,229026.00,129483.00,50778,155.00,11.55
pcb442,angle,0.4,5,426046,225420.00,132997.00,50778,161.92,11.54
pcb442,angle,0.4,6,426047,227018.00,134600.00,50778,165.08,11.59
pcb442,angle,0.4,7,426048,228665.00,133553.00,50778,163.01,11.57
pcb442,angle,0.4,8,426049,228540.00,132748.00,50778,161.43,11.86
pcb442,angle,0.4,9,426050,230088.00,136474.00,50778,168.77,11.62
pcb442,angle,0.4,10,426051,230084.00,133972.00,50778,163.84,11.56

EXPERIMENT 5 (angle): Replacement Rate
dataset,init,r,run,seed,init_best,best_cost,known_optimal,gap_percent,time_seconds
pcb442,angle,0.3,1,424042,231292.00,165631.00,50778,226.19,10.60
pcb442,angle,0.3,2,424043,226846.00,164774.00,50778,224.50,10.73
pcb442,angle,0.3,3,424044,224985.00,165735.00,50778,226.39,10.62
pcb442,angle,0.3,4,424045,230413.00,160111.00,50778,215.32,10.95
pcb442,angle,0.3,5,424046,229960.00,171637.00,50778,238.01,10.66
pcb442,angle,0.3,6,424047,226086.00,165633.00,50778,226.19,10.69
pcb442,angle,0.3,7,424048,229830.00,173561.00,50778,241.80,10.64
pcb442,angle,0.3,8,424049,228583.00,171488.00,50778,237.72,10.69
pcb442,angle,0.3,9,424050,228722.00,173333.00,50778,241.35,10.71
pcb442,angle,0.3,10,424051,228480.00,167147.00,50778,229.17,10.92
pcb442,angle,0.5,1,425042,228125.00,161769.00,50778,218.58,11.08
pcb442,angle,0.5,2,425043,229705.00,162653.00,50778,220.32,11.07
pcb442,angle,0.5,3,425044,230704.00,159396.00,50778,213.91,10.95
pcb442,angle,0.5,4,425045,228785.00,162811.00,50778,220.63,11.01
pcb442,angle,0.5,5,425046,229734.00,159376.00,50778,213.87,11.04
pcb442,angle,0.5,6,425047,230826.00,150803.00,50778,196.98,11.33
pcb442,angle,0.5,7,425048,227271.00,149309.00,50778,194.04,11.02
pcb442,angle,0.5,8,425049,230236.00,160415.00,50778,215.91,11.07
pcb442,angle,0.5,9,425050,226544.00,158413.00,50778,211.97,11.01
pcb442,angle,0.5,10,425051,226804.00,158190.00,50778,211.53,11.03
pcb442,angle,0.7,1,426042,227865.00,149569.00,50778,194.55,11.44
pcb442,angle,0.7,2,426043,228764.00,147196.00,50778,189.88,11.71
pcb442,angle,0.7,3,426044,229673.00,151970.00,50778,199.28,11.50
pcb442,angle,0.7,4,426045,229026.00,144703.00,50778,184.97,11.47
pcb442,angle,0.7,5,426046,225420.00,156533.00,50778,208.27,11.51
pcb442,angle,0.7,6,426047,227018.00,153327.00,50778,201.96,11.38
pcb442,angle,0.7,7,426048,228665.00,149891.00,50778,195.19,11.52
pcb442,angle,0.7,8,426049,228540.00,150939.00,50778,197.25,11.65
pcb442,angle,0.7,9,426050,230088.00,155655.00,50778,206.54,11.44
pcb442,angle,0.7,10,426051,230084.00,148810.00,50778,193.06,11.41
pcb442,angle,0.9,1,427042,228624.00,132033.00,50778,160.02,11.88
pcb442,angle,0.9,2,427043,228151.00,149031.00,50778,193.50,11.90
pcb442,angle,0.9,3,427044,227920.00,149862.00,50778,195.13,11.99
pcb442,angle,0.9,4,427045,229653.00,146364.00,50778,188.24,11.92
pcb442,angle,0.9,5,427046,230008.00,148351.00,50778,192.16,11.92
pcb442,angle,0.9,6,427047,226740.00,141209.00,50778,178.09,11.87
pcb442,angle,0.9,7,427048,227718.00,149123.00,50778,193.68,11.87
pcb442,angle,0.9,8,427049,228240.00,145491.00,50778,186.52,11.84
pcb442,angle,0.9,9,427050,228018.00,147618.00,50778,190.71,12.18
pcb442,angle,0.9,10,427051,226297.00,145694.00,50778,186.92,11.82

