EXPERIMENT 3 (smart): Population Size
dataset,init_method,p,run,seed,best_cost,init_best,gap_percent,time_seconds
kroA100,smart,50,1,32042,21689.00,21689.00,1.91,1.73
kroA100,smart,50,2,32043,21689.00,21689.00,1.91,1.69
kroA100,smart,50,3,32044,21689.00,21689.00,1.91,1.71
kroA100,smart,50,4,32045,21689.00,21689.00,1.91,1.68
kroA100,smart,50,5,32046,21689.00,21689.00,1.91,1.69
kroA100,smart,50,6,32047,21689.00,21689.00,1.91,1.69
kroA100,smart,50,7,32048,21689.00,21689.00,1.91,1.70
kroA100,smart,50,8,32049,21689.00,21689.00,1.91,1.68
kroA100,smart,50,9,32050,21689.00,21689.00,1.91,1.71
kroA100,smart,50,10,32051,21689.00,21689.00,1.91,1.69
kroA100,smart,50,11,32052,21689.00,21689.00,1.91,1.69
kroA100,smart,50,12,32053,21689.00,21689.00,1.91,1.69
kroA100,smart,50,13,32054,21689.00,21689.00,1.91,1.71
kroA100,smart,50,14,32055,21689.00,21689.00,1.91,1.69
kroA100,smart,50,15,32056,21689.00,21689.00,1.91,1.74
kroA100,smart,50,16,32057,21689.00,21689.00,1.91,1.69
kroA100,smart,50,17,32058,21689.00,21689.00,1.91,1.70
kroA100,smart,50,18,32059,21689.00,21689.00,1.91,1.70
kroA100,smart,50,19,32060,21689.00,21689.00,1.91,1.68
kroA100,smart,50,20,32061,21689.00,21689.00,1.91,1.69
kroA100,smart,50,21,32062,21689.00,21689.00,1.91,1.70
kroA100,smart,50,22,32063,21689.00,21689.00,1.91,1.68
kroA100,smart,50,23,32064,21689.00,21689.00,1.91,1.68
kroA100,smart,50,24,32065,21689.00,21689.00,1.91,1.69
kroA100,smart,50,25,32066,21689.00,21689.00,1.91,1.67
kroA100,smart,50,26,32067,21689.00,21689.00,1.91,1.71
kroA100,smart,50,27,32068,21689.00,21689.00,1.91,1.68
kroA100,smart,50,28,32069,21689.00,21689.00,1.91,1.67
kroA100,smart,50,29,32070,21689.00,21689.00,1.91,1.71
kroA100,smart,50,30,32071,21689.00,21689.00,1.91,1.75
kroA100,smart,100,1,33042,21689.00,21689.00,1.91,3.43
kroA100,smart,100,2,33043,21689.00,21689.00,1.91,3.44
kroA100,smart,100,3,33044,21689.00,21689.00,1.91,3.80
kroA100,smart,100,4,33045,21689.00,21689.00,1.91,3.47
kroA100,smart,100,5,33046,21689.00,21689.00,1.91,3.36
kroA100,smart,100,6,33047,21689.00,21689.00,1.91,3.43
kroA100,smart,100,7,33048,21689.00,21689.00,1.91,3.40
kroA100,smart,100,8,33049,21689.00,21689.00,1.91,3.39
kroA100,smart,100,9,33050,21689.00,21689.00,1.91,3.41
kroA100,smart,100,10,33051,21689.00,21689.00,1.91,3.36
kroA100,smart,100,11,33052,21689.00,21689.00,1.91,3.38
kroA100,smart,100,12,33053,21689.00,21689.00,1.91,3.40
kroA100,smart,100,13,33054,21689.00,21689.00,1.91,3.42
kroA100,smart,100,14,33055,21689.00,21689.00,1.91,3.36
kroA100,smart,100,15,33056,21689.00,21689.00,1.91,3.43
kroA100,smart,100,16,33057,21689.00,21689.00,1.91,3.38
kroA100,smart,100,17,33058,21689.00,21689.00,1.91,3.43
kroA100,smart,100,18,33059,21689.00,21689.00,1.91,3.40
kroA100,smart,100,19,33060,21689.00,21689.00,1.91,3.40
kroA100,smart,100,20,33061,21689.00,21689.00,1.91,3.46
kroA100,smart,100,21,33062,21689.00,21689.00,1.91,3.52
kroA100,smart,100,22,33063,21689.00,21689.00,1.91,3.51
kroA100,smart,100,23,33064,21689.00,21689.00,1.91,3.36
kroA100,smart,100,24,33065,21689.00,21689.00,1.91,3.40
kroA100,smart,100,25,33066,21689.00,21689.00,1.91,3.38
kroA100,smart,100,26,33067,21689.00,21689.00,1.91,3.36
kroA100,smart,100,27,33068,21689.00,21689.00,1.91,3.52
kroA100,smart,100,28,33069,21689.00,21689.00,1.91,3.48
kroA100,smart,100,29,33070,21689.00,21689.00,1.91,3.43
kroA100,smart,100,30,33071,21689.00,21689.00,1.91,3.46
kroA100,smart,120,1,34042,21689.00,21689.00,1.91,4.18
kroA100,smart,120,2,34043,21689.00,21689.00,1.91,4.21
kroA100,smart,120,3,34044,21689.00,21689.00,1.91,4.19
kroA100,smart,120,4,34045,21531.00,21689.00,1.17,4.20
kroA100,smart,120,5,34046,21689.00,21689.00,1.91,4.26
kroA100,smart,120,6,34047,21689.00,21689.00,1.91,4.24
kroA100,smart,120,7,34048,21689.00,21689.00,1.91,4.26
kroA100,smart,120,8,34049,21689.00,21689.00,1.91,4.23
kroA100,smart,120,9,34050,21689.00,21689.00,1.91,4.31
kroA100,smart,120,10,34051,21689.00,21689.00,1.91,4.08
kroA100,smart,120,11,34052,21689.00,21689.00,1.91,4.12
kroA100,smart,120,12,34053,21689.00,21689.00,1.91,4.06
kroA100,smart,120,13,34054,21689.00,21689.00,1.91,4.04
kroA100,smart,120,14,34055,21689.00,21689.00,1.91,4.04
kroA100,smart,120,15,34056,21689.00,21689.00,1.91,4.01
kroA100,smart,120,16,34057,21689.00,21689.00,1.91,4.05
kroA100,smart,120,17,34058,21689.00,21689.00,1.91,4.05
kroA100,smart,120,18,34059,21689.00,21689.00,1.91,3.99
kroA100,smart,120,19,34060,21689.00,21689.00,1.91,4.02
kroA100,smart,120,20,34061,21689.00,21689.00,1.91,4.00
kroA100,smart,120,21,34062,21689.00,21689.00,1.91,4.04
kroA100,smart,120,22,34063,21689.00,21689.00,1.91,4.05
kroA100,smart,120,23,34064,21689.00,21689.00,1.91,4.09
kroA100,smart,120,24,34065,21689.00,21689.00,1.91,4.01
kroA100,smart,120,25,34066,21689.00,21689.00,1.91,4.06
kroA100,smart,120,26,34067,21689.00,21689.00,1.91,4.02
kroA100,smart,120,27,34068,21689.00,21689.00,1.91,4.00
kroA100,smart,120,28,34069,21689.00,21689.00,1.91,3.98
kroA100,smart,120,29,34070,21689.00,21689.00,1.91,3.98
kroA100,smart,120,30,34071,21689.00,21689.00,1.91,3.99
kroA100,smart,150,1,35042,21689.00,21689.00,1.91,4.96
kroA100,smart,150,2,35043,21534.00,21689.00,1.18,4.96
kroA100,smart,150,3,35044,21689.00,21689.00,1.91,4.97
kroA100,smart,150,4,35045,21689.00,21689.00,1.91,4.93
kroA100,smart,150,5,35046,21689.00,21689.00,1.91,4.96
kroA100,smart,150,6,35047,21453.00,21689.00,0.80,4.97
kroA100,smart,150,7,35048,21689.00,21689.00,1.91,4.98
kroA100,smart,150,8,35049,21689.00,21689.00,1.91,5.01
kroA100,smart,150,9,35050,21689.00,21689.00,1.91,5.04
kroA100,smart,150,10,35051,21689.00,21689.00,1.91,5.05
kroA100,smart,150,11,35052,21445.00,21689.00,0.77,5.03
kroA100,smart,150,12,35053,21689.00,21689.00,1.91,4.94
kroA100,smart,150,13,35054,21689.00,21689.00,1.91,4.97
kroA100,smart,150,14,35055,21689.00,21689.00,1.91,4.99
kroA100,smart,150,15,35056,21689.00,21689.00,1.91,4.96
kroA100,smart,150,16,35057,21689.00,21689.00,1.91,4.96
kroA100,smart,150,17,35058,21689.00,21689.00,1.91,4.91
kroA100,smart,150,18,35059,21689.00,21689.00,1.91,5.02
kroA100,smart,150,19,35060,21689.00,21689.00,1.91,4.95
kroA100,smart,150,20,35061,21689.00,21689.00,1.91,4.93
kroA100,smart,150,21,35062,21662.00,21689.00,1.79,5.01
kroA100,smart,150,22,35063,21689.00,21689.00,1.91,5.01
kroA100,smart,150,23,35064,21689.00,21689.00,1.91,5.07
kroA100,smart,150,24,35065,21689.00,21689.00,1.91,4.98
kroA100,smart,150,25,35066,21689.00,21689.00,1.91,5.01
kroA100,smart,150,26,35067,21562.00,21689.00,1.32,4.96
kroA100,smart,150,27,35068,21662.00,21689.00,1.79,4.95
kroA100,smart,150,28,35069,21689.00,21689.00,1.91,4.95
kroA100,smart,150,29,35070,21672.00,21689.00,1.83,4.91
kroA100,smart,150,30,35071,21443.00,21689.00,0.76,4.96

EXPERIMENT 6 (smart): Generations
dataset,init_method,G,run,seed,best_cost,init_best,gap_percent,time_seconds
kroA100,smart,100,1,35042,21689.00,21689.00,1.91,1.23
kroA100,smart,100,2,35043,21689.00,21689.00,1.91,1.21
kroA100,smart,100,3,35044,21689.00,21689.00,1.91,1.23
kroA100,smart,100,4,35045,21689.00,21689.00,1.91,1.22
kroA100,smart,100,5,35046,21689.00,21689.00,1.91,1.20
kroA100,smart,100,6,35047,21689.00,21689.00,1.91,1.24
kroA100,smart,100,7,35048,21531.00,21689.00,1.17,1.23
kroA100,smart,100,8,35049,21689.00,21689.00,1.91,1.19
kroA100,smart,100,9,35050,21665.00,21689.00,1.80,1.21
kroA100,smart,100,10,35051,21689.00,21689.00,1.91,1.20
kroA100,smart,100,11,35052,21689.00,21689.00,1.91,1.21
kroA100,smart,100,12,35053,21689.00,21689.00,1.91,1.20
kroA100,smart,100,13,35054,21689.00,21689.00,1.91,1.21
kroA100,smart,100,14,35055,21689.00,21689.00,1.91,1.24
kroA100,smart,100,15,35056,21689.00,21689.00,1.91,1.24
kroA100,smart,100,16,35057,21689.00,21689.00,1.91,1.23
kroA100,smart,100,17,35058,21689.00,21689.00,1.91,1.22
kroA100,smart,100,18,35059,21689.00,21689.00,1.91,1.24
kroA100,smart,100,19,35060,21689.00,21689.00,1.91,1.22
kroA100,smart,100,20,35061,21689.00,21689.00,1.91,1.20
kroA100,smart,100,21,35062,21689.00,21689.00,1.91,1.25
kroA100,smart,100,22,35063,21689.00,21689.00,1.91,1.27
kroA100,smart,100,23,35064,21689.00,21689.00,1.91,1.26
kroA100,smart,100,24,35065,21689.00,21689.00,1.91,1.23
kroA100,smart,100,25,35066,21689.00,21689.00,1.91,1.24
kroA100,smart,100,26,35067,21602.00,21689.00,1.50,1.22
kroA100,smart,100,27,35068,21689.00,21689.00,1.91,1.24
kroA100,smart,100,28,35069,21689.00,21689.00,1.91,1.21
kroA100,smart,100,29,35070,21689.00,21689.00,1.91,1.21
kroA100,smart,100,30,35071,21689.00,21689.00,1.91,1.25
kroA100,smart,300,1,36042,21689.00,21689.00,1.91,2.29
kroA100,smart,300,2,36043,21689.00,21689.00,1.91,2.26
kroA100,smart,300,3,36044,21689.00,21689.00,1.91,2.28
kroA100,smart,300,4,36045,21689.00,21689.00,1.91,2.28
kroA100,smart,300,5,36046,21689.00,21689.00,1.91,2.29
kroA100,smart,300,6,36047,21676.00,21689.00,1.85,2.27
kroA100,smart,300,7,36048,21689.00,21689.00,1.91,2.25
kroA100,smart,300,8,36049,21689.00,21689.00,1.91,2.25
kroA100,smart,300,9,36050,21689.00,21689.00,1.91,2.25
kroA100,smart,300,10,36051,21689.00,21689.00,1.91,2.24
kroA100,smart,300,11,36052,21689.00,21689.00,1.91,2.26
kroA100,smart,300,12,36053,21689.00,21689.00,1.91,2.27
kroA100,smart,300,13,36054,21689.00,21689.00,1.91,2.29
kroA100,smart,300,14,36055,21689.00,21689.00,1.91,2.28
kroA100,smart,300,15,36056,21689.00,21689.00,1.91,2.25
kroA100,smart,300,16,36057,21689.00,21689.00,1.91,2.25
kroA100,smart,300,17,36058,21689.00,21689.00,1.91,2.27
kroA100,smart,300,18,36059,21689.00,21689.00,1.91,2.26
kroA100,smart,300,19,36060,21689.00,21689.00,1.91,2.25
kroA100,smart,300,20,36061,21665.00,21689.00,1.80,2.28
kroA100,smart,300,21,36062,21689.00,21689.00,1.91,2.29
kroA100,smart,300,22,36063,21689.00,21689.00,1.91,2.28
kroA100,smart,300,23,36064,21689.00,21689.00,1.91,2.27
kroA100,smart,300,24,36065,21689.00,21689.00,1.91,2.28
kroA100,smart,300,25,36066,21689.00,21689.00,1.91,2.31
kroA100,smart,300,26,36067,21689.00,21689.00,1.91,2.27
kroA100,smart,300,27,36068,21689.00,21689.00,1.91,2.26
kroA100,smart,300,28,36069,21689.00,21689.00,1.91,2.30
kroA100,smart,300,29,36070,21689.00,21689.00,1.91,2.29
kroA100,smart,300,30,36071,21689.00,21689.00,1.91,2.28
kroA100,smart,500,1,37042,21689.00,21689.00,1.91,3.32
kroA100,smart,500,2,37043,21689.00,21689.00,1.91,3.29
kroA100,smart,500,3,37044,21689.00,21689.00,1.91,3.30
kroA100,smart,500,4,37045,21689.00,21689.00,1.91,3.28
kroA100,smart,500,5,37046,21689.00,21689.00,1.91,3.28
kroA100,smart,500,6,37047,21689.00,21689.00,1.91,3.29
kroA100,smart,500,7,37048,21689.00,21689.00,1.91,3.28
kroA100,smart,500,8,37049,21689.00,21689.00,1.91,3.31
kroA100,smart,500,9,37050,21689.00,21689.00,1.91,3.30
kroA100,smart,500,10,37051,21689.00,21689.00,1.91,3.33
kroA100,smart,500,11,37052,21689.00,21689.00,1.91,3.27
kroA100,smart,500,12,37053,21689.00,21689.00,1.91,3.28
kroA100,smart,500,13,37054,21689.00,21689.00,1.91,3.29
kroA100,smart,500,14,37055,21689.00,21689.00,1.91,3.37
kroA100,smart,500,15,37056,21689.00,21689.00,1.91,3.34
kroA100,smart,500,16,37057,21689.00,21689.00,1.91,3.31
kroA100,smart,500,17,37058,21689.00,21689.00,1.91,3.32
kroA100,smart,500,18,37059,21689.00,21689.00,1.91,3.29
kroA100,smart,500,19,37060,21689.00,21689.00,1.91,3.32
kroA100,smart,500,20,37061,21689.00,21689.00,1.91,3.32
kroA100,smart,500,21,37062,21689.00,21689.00,1.91,3.29
kroA100,smart,500,22,37063,21689.00,21689.00,1.91,3.35
kroA100,smart,500,23,37064,21689.00,21689.00,1.91,3.29
kroA100,smart,500,24,37065,21689.00,21689.00,1.91,3.30
kroA100,smart,500,25,37066,21689.00,21689.00,1.91,3.28
kroA100,smart,500,26,37067,21689.00,21689.00,1.91,3.32
kroA100,smart,500,27,37068,21689.00,21689.00,1.91,3.29
kroA100,smart,500,28,37069,21689.00,21689.00,1.91,3.28
kroA100,smart,500,29,37070,21640.00,21689.00,1.68,3.26
kroA100,smart,500,30,37071,21689.00,21689.00,1.91,3.32
kroA100,smart,800,1,38042,21689.00,21689.00,1.91,4.86
kroA100,smart,800,2,38043,21689.00,21689.00,1.91,4.85
kroA100,smart,800,3,38044,21689.00,21689.00,1.91,4.96
kroA100,smart,800,4,38045,21689.00,21689.00,1.91,4.83
kroA100,smart,800,5,38046,21689.00,21689.00,1.91,4.94
kroA100,smart,800,6,38047,21689.00,21689.00,1.91,4.90
kroA100,smart,800,7,38048,21689.00,21689.00,1.91,4.86
kroA100,smart,800,8,38049,21443.00,21689.00,0.76,4.86
kroA100,smart,800,9,38050,21689.00,21689.00,1.91,4.85
kroA100,smart,800,10,38051,21689.00,21689.00,1.91,4.87
kroA100,smart,800,11,38052,21689.00,21689.00,1.91,4.89
kroA100,smart,800,12,38053,21689.00,21689.00,1.91,4.86
kroA100,smart,800,13,38054,21689.00,21689.00,1.91,4.83
kroA100,smart,800,14,38055,21689.00,21689.00,1.91,4.85
kroA100,smart,800,15,38056,21689.00,21689.00,1.91,4.85
kroA100,smart,800,16,38057,21689.00,21689.00,1.91,4.90
kroA100,smart,800,17,38058,21689.00,21689.00,1.91,4.89
kroA100,smart,800,18,38059,21689.00,21689.00,1.91,4.91
kroA100,smart,800,19,38060,21689.00,21689.00,1.91,4.90
kroA100,smart,800,20,38061,21531.00,21689.00,1.17,4.89
kroA100,smart,800,21,38062,21689.00,21689.00,1.91,4.85
kroA100,smart,800,22,38063,21689.00,21689.00,1.91,4.84
kroA100,smart,800,23,38064,21689.00,21689.00,1.91,4.86
kroA100,smart,800,24,38065,21689.00,21689.00,1.91,4.86
kroA100,smart,800,25,38066,21689.00,21689.00,1.91,4.90
kroA100,smart,800,26,38067,21689.00,21689.00,1.91,4.85
kroA100,smart,800,27,38068,21531.00,21689.00,1.17,4.89
kroA100,smart,800,28,38069,21689.00,21689.00,1.91,4.84
kroA100,smart,800,29,38070,21689.00,21689.00,1.91,4.87
kroA100,smart,800,30,38071,21689.00,21689.00,1.91,4.95

EXPERIMENT 4 (smart): Mutation Rate
dataset,init_method,m,run,seed,best_cost,init_best,gap_percent,time_seconds
kroA100,smart,0.05,1,33042,21689.00,21689.00,1.91,3.29
kroA100,smart,0.05,2,33043,21689.00,21689.00,1.91,3.36
kroA100,smart,0.05,3,33044,21396.00,21689.00,0.54,3.32
kroA100,smart,0.05,4,33045,21689.00,21689.00,1.91,3.38
kroA100,smart,0.05,5,33046,21626.00,21689.00,1.62,3.40
kroA100,smart,0.05,6,33047,21689.00,21689.00,1.91,3.31
kroA100,smart,0.05,7,33048,21689.00,21689.00,1.91,3.29
kroA100,smart,0.05,8,33049,21689.00,21689.00,1.91,3.33
kroA100,smart,0.05,9,33050,21689.00,21689.00,1.91,3.30
kroA100,smart,0.05,10,33051,21689.00,21689.00,1.91,3.33
kroA100,smart,0.05,11,33052,21689.00,21689.00,1.91,3.28
kroA100,smart,0.05,12,33053,21689.00,21689.00,1.91,3.27
kroA100,smart,0.05,13,33054,21689.00,21689.00,1.91,3.27
kroA100,smart,0.05,14,33055,21689.00,21689.00,1.91,3.32
kroA100,smart,0.05,15,33056,21689.00,21689.00,1.91,3.26
kroA100,smart,0.05,16,33057,21689.00,21689.00,1.91,3.33
kroA100,smart,0.05,17,33058,21689.00,21689.00,1.91,3.28
kroA100,smart,0.05,18,33059,21689.00,21689.00,1.91,3.29
kroA100,smart,0.05,19,33060,21689.00,21689.00,1.91,3.30
kroA100,smart,0.05,20,33061,21689.00,21689.00,1.91,3.29
kroA100,smart,0.05,21,33062,21689.00,21689.00,1.91,3.31
kroA100,smart,0.05,22,33063,21689.00,21689.00,1.91,3.34
kroA100,smart,0.05,23,33064,21689.00,21689.00,1.91,3.35
kroA100,smart,0.05,24,33065,21689.00,21689.00,1.91,3.28
kroA100,smart,0.05,25,33066,21689.00,21689.00,1.91,3.33
kroA100,smart,0.05,26,33067,21689.00,21689.00,1.91,3.31
kroA100,smart,0.05,27,33068,21689.00,21689.00,1.91,3.29
kroA100,smart,0.05,28,33069,21689.00,21689.00,1.91,3.32
kroA100,smart,0.05,29,33070,21689.00,21689.00,1.91,3.28
kroA100,smart,0.05,30,33071,21689.00,21689.00,1.91,3.27
kroA100,smart,0.1,1,34042,21689.00,21689.00,1.91,3.28
kroA100,smart,0.1,2,34043,21689.00,21689.00,1.91,3.30
kroA100,smart,0.1,3,34044,21689.00,21689.00,1.91,3.32
kroA100,smart,0.1,4,34045,21689.00,21689.00,1.91,3.30
kroA100,smart,0.1,5,34046,21689.00,21689.00,1.91,3.31
kroA100,smart,0.1,6,34047,21689.00,21689.00,1.91,3.36
kroA100,smart,0.1,7,34048,21689.00,21689.00,1.91,3.30
kroA100,smart,0.1,8,34049,21689.00,21689.00,1.91,3.29
kroA100,smart,0.1,9,34050,21689.00,21689.00,1.91,3.35
kroA100,smart,0.1,10,34051,21689.00,21689.00,1.91,3.34
kroA100,smart,0.1,11,34052,21689.00,21689.00,1.91,3.31
kroA100,smart,0.1,12,34053,21689.00,21689.00,1.91,3.41
kroA100,smart,0.1,13,34054,21689.00,21689.00,1.91,3.32
kroA100,smart,0.1,14,34055,21689.00,21689.00,1.91,3.28
kroA100,smart,0.1,15,34056,21689.00,21689.00,1.91,3.34
kroA100,smart,0.1,16,34057,21689.00,21689.00,1.91,3.32
kroA100,smart,0.1,17,34058,21689.00,21689.00,1.91,3.29
kroA100,smart,0.1,18,34059,21689.00,21689.00,1.91,3.29
kroA100,smart,0.1,19,34060,21689.00,21689.00,1.91,3.30
kroA100,smart,0.1,20,34061,21689.00,21689.00,1.91,3.27
kroA100,smart,0.1,21,34062,21689.00,21689.00,1.91,3.30
kroA100,smart,0.1,22,34063,21689.00,21689.00,1.91,3.33
kroA100,smart,0.1,23,34064,21689.00,21689.00,1.91,3.31
kroA100,smart,0.1,24,34065,21689.00,21689.00,1.91,3.29
kroA100,smart,0.1,25,34066,21689.00,21689.00,1.91,3.32
kroA100,smart,0.1,26,34067,21689.00,21689.00,1.91,3.29
kroA100,smart,0.1,27,34068,21689.00,21689.00,1.91,3.28
kroA100,smart,0.1,28,34069,21689.00,21689.00,1.91,3.29
kroA100,smart,0.1,29,34070,21689.00,21689.00,1.91,3.34
kroA100,smart,0.1,30,34071,21689.00,21689.00,1.91,3.38
kroA100,smart,0.2,1,35042,21689.00,21689.00,1.91,3.30
kroA100,smart,0.2,2,35043,21689.00,21689.00,1.91,3.38
kroA100,smart,0.2,3,35044,21689.00,21689.00,1.91,3.33
kroA100,smart,0.2,4,35045,21689.00,21689.00,1.91,3.32
kroA100,smart,0.2,5,35046,21689.00,21689.00,1.91,3.35
kroA100,smart,0.2,6,35047,21689.00,21689.00,1.91,3.35
kroA100,smart,0.2,7,35048,21689.00,21689.00,1.91,3.35
kroA100,smart,0.2,8,35049,21689.00,21689.00,1.91,3.29
kroA100,smart,0.2,9,35050,21689.00,21689.00,1.91,3.30
kroA100,smart,0.2,10,35051,21689.00,21689.00,1.91,3.30
kroA100,smart,0.2,11,35052,21689.00,21689.00,1.91,3.32
kroA100,smart,0.2,12,35053,21689.00,21689.00,1.91,3.32
kroA100,smart,0.2,13,35054,21689.00,21689.00,1.91,3.32
kroA100,smart,0.2,14,35055,21689.00,21689.00,1.91,3.32
kroA100,smart,0.2,15,35056,21689.00,21689.00,1.91,3.29
kroA100,smart,0.2,16,35057,21689.00,21689.00,1.91,3.33
kroA100,smart,0.2,17,35058,21689.00,21689.00,1.91,3.33
kroA100,smart,0.2,18,35059,21665.00,21689.00,1.80,3.33
kroA100,smart,0.2,19,35060,21689.00,21689.00,1.91,3.33
kroA100,smart,0.2,20,35061,21689.00,21689.00,1.91,3.34
kroA100,smart,0.2,21,35062,21689.00,21689.00,1.91,3.34
kroA100,smart,0.2,22,35063,21689.00,21689.00,1.91,3.31
kroA100,smart,0.2,23,35064,21689.00,21689.00,1.91,3.34
kroA100,smart,0.2,24,35065,21531.00,21689.00,1.17,3.37
kroA100,smart,0.2,25,35066,21689.00,21689.00,1.91,3.32
kroA100,smart,0.2,26,35067,21689.00,21689.00,1.91,3.32
kroA100,smart,0.2,27,35068,21689.00,21689.00,1.91,3.28
kroA100,smart,0.2,28,35069,21689.00,21689.00,1.91,3.27
kroA100,smart,0.2,29,35070,21662.00,21689.00,1.79,3.30
kroA100,smart,0.2,30,35071,21689.00,21689.00,1.91,3.31
kroA100,smart,0.4,1,36042,21689.00,21689.00,1.91,3.37
kroA100,smart,0.4,2,36043,21689.00,21689.00,1.91,3.33
kroA100,smart,0.4,3,36044,21689.00,21689.00,1.91,3.35
kroA100,smart,0.4,4,36045,21689.00,21689.00,1.91,3.34
kroA100,smart,0.4,5,36046,21689.00,21689.00,1.91,3.41
kroA100,smart,0.4,6,36047,21689.00,21689.00,1.91,3.38
kroA100,smart,0.4,7,36048,21689.00,21689.00,1.91,3.34
kroA100,smart,0.4,8,36049,21689.00,21689.00,1.91,3.36
kroA100,smart,0.4,9,36050,21689.00,21689.00,1.91,3.39
kroA100,smart,0.4,10,36051,21689.00,21689.00,1.91,3.33
kroA100,smart,0.4,11,36052,21689.00,21689.00,1.91,3.41
kroA100,smart,0.4,12,36053,21689.00,21689.00,1.91,3.39
kroA100,smart,0.4,13,36054,21689.00,21689.00,1.91,3.36
kroA100,smart,0.4,14,36055,21689.00,21689.00,1.91,3.39
kroA100,smart,0.4,15,36056,21689.00,21689.00,1.91,3.31
kroA100,smart,0.4,16,36057,21689.00,21689.00,1.91,3.33
kroA100,smart,0.4,17,36058,21689.00,21689.00,1.91,3.33
kroA100,smart,0.4,18,36059,21689.00,21689.00,1.91,3.35
kroA100,smart,0.4,19,36060,21689.00,21689.00,1.91,3.30
kroA100,smart,0.4,20,36061,21689.00,21689.00,1.91,3.34
kroA100,smart,0.4,21,36062,21689.00,21689.00,1.91,3.33
kroA100,smart,0.4,22,36063,21689.00,21689.00,1.91,3.33
kroA100,smart,0.4,23,36064,21689.00,21689.00,1.91,3.33
kroA100,smart,0.4,24,36065,21689.00,21689.00,1.91,3.37
kroA100,smart,0.4,25,36066,21689.00,21689.00,1.91,3.44
kroA100,smart,0.4,26,36067,21689.00,21689.00,1.91,3.43
kroA100,smart,0.4,27,36068,21689.00,21689.00,1.91,3.32
kroA100,smart,0.4,28,36069,21689.00,21689.00,1.91,3.34
kroA100,smart,0.4,29,36070,21689.00,21689.00,1.91,3.40
kroA100,smart,0.4,30,36071,21689.00,21689.00,1.91,3.37

EXPERIMENT 5 (smart): Replacement Rate
dataset,init_method,r,run,seed,best_cost,init_best,gap_percent,time_seconds
kroA100,smart,0.3,1,34042,21689.00,21689.00,1.91,3.18
kroA100,smart,0.3,2,34043,21689.00,21689.00,1.91,3.15
kroA100,smart,0.3,3,34044,21689.00,21689.00,1.91,3.13
kroA100,smart,0.3,4,34045,21689.00,21689.00,1.91,3.12
kroA100,smart,0.3,5,34046,21689.00,21689.00,1.91,3.10
kroA100,smart,0.3,6,34047,21689.00,21689.00,1.91,3.10
kroA100,smart,0.3,7,34048,21689.00,21689.00,1.91,3.11
kroA100,smart,0.3,8,34049,21689.00,21689.00,1.91,3.15
kroA100,smart,0.3,9,34050,21689.00,21689.00,1.91,3.13
kroA100,smart,0.3,10,34051,21540.00,21689.00,1.21,3.10
kroA100,smart,0.3,11,34052,21689.00,21689.00,1.91,3.11
kroA100,smart,0.3,12,34053,21689.00,21689.00,1.91,3.13
kroA100,smart,0.3,13,34054,21689.00,21689.00,1.91,3.10
kroA100,smart,0.3,14,34055,21689.00,21689.00,1.91,3.16
kroA100,smart,0.3,15,34056,21689.00,21689.00,1.91,3.14
kroA100,smart,0.3,16,34057,21689.00,21689.00,1.91,3.09
kroA100,smart,0.3,17,34058,21689.00,21689.00,1.91,3.13
kroA100,smart,0.3,18,34059,21689.00,21689.00,1.91,3.12
kroA100,smart,0.3,19,34060,21689.00,21689.00,1.91,3.12
kroA100,smart,0.3,20,34061,21689.00,21689.00,1.91,3.17
kroA100,smart,0.3,21,34062,21689.00,21689.00,1.91,3.15
kroA100,smart,0.3,22,34063,21689.00,21689.00,1.91,3.22
kroA100,smart,0.3,23,34064,21689.00,21689.00,1.91,3.18
kroA100,smart,0.3,24,34065,21689.00,21689.00,1.91,3.13
kroA100,smart,0.3,25,34066,21689.00,21689.00,1.91,3.15
kroA100,smart,0.3,26,34067,21689.00,21689.00,1.91,3.11
kroA100,smart,0.3,27,34068,21689.00,21689.00,1.91,3.12
kroA100,smart,0.3,28,34069,21689.00,21689.00,1.91,3.12
kroA100,smart,0.3,29,34070,21689.00,21689.00,1.91,3.13
kroA100,smart,0.3,30,34071,21689.00,21689.00,1.91,3.13
kroA100,smart,0.5,1,35042,21689.00,21689.00,1.91,3.20
kroA100,smart,0.5,2,35043,21689.00,21689.00,1.91,3.17
kroA100,smart,0.5,3,35044,21689.00,21689.00,1.91,3.25
kroA100,smart,0.5,4,35045,21689.00,21689.00,1.91,3.20
kroA100,smart,0.5,5,35046,21689.00,21689.00,1.91,3.19
kroA100,smart,0.5,6,35047,21689.00,21689.00,1.91,3.22
kroA100,smart,0.5,7,35048,21689.00,21689.00,1.91,3.18
kroA100,smart,0.5,8,35049,21689.00,21689.00,1.91,3.20
kroA100,smart,0.5,9,35050,21689.00,21689.00,1.91,3.19
kroA100,smart,0.5,10,35051,21689.00,21689.00,1.91,3.22
kroA100,smart,0.5,11,35052,21689.00,21689.00,1.91,3.27
kroA100,smart,0.5,12,35053,21689.00,21689.00,1.91,3.24
kroA100,smart,0.5,13,35054,21689.00,21689.00,1.91,3.25
kroA100,smart,0.5,14,35055,21689.00,21689.00,1.91,3.26
kroA100,smart,0.5,15,35056,21689.00,21689.00,1.91,3.25
kroA100,smart,0.5,16,35057,21689.00,21689.00,1.91,3.27
kroA100,smart,0.5,17,35058,21689.00,21689.00,1.91,3.21
kroA100,smart,0.5,18,35059,21689.00,21689.00,1.91,3.24
kroA100,smart,0.5,19,35060,21689.00,21689.00,1.91,3.22
kroA100,smart,0.5,20,35061,21689.00,21689.00,1.91,3.22
kroA100,smart,0.5,21,35062,21689.00,21689.00,1.91,3.16
kroA100,smart,0.5,22,35063,21689.00,21689.00,1.91,3.21
kroA100,smart,0.5,23,35064,21689.00,21689.00,1.91,3.21
kroA100,smart,0.5,24,35065,21689.00,21689.00,1.91,3.20
kroA100,smart,0.5,25,35066,21534.00,21689.00,1.18,3.21
kroA100,smart,0.5,26,35067,21689.00,21689.00,1.91,3.21
kroA100,smart,0.5,27,35068,21689.00,21689.00,1.91,3.18
kroA100,smart,0.5,28,35069,21689.00,21689.00,1.91,3.21
kroA100,smart,0.5,29,35070,21689.00,21689.00,1.91,3.24
kroA100,smart,0.5,30,35071,21689.00,21689.00,1.91,3.19
kroA100,smart,0.7,1,36042,21689.00,21689.00,1.91,3.34
kroA100,smart,0.7,2,36043,21689.00,21689.00,1.91,3.31
kroA100,smart,0.7,3,36044,21689.00,21689.00,1.91,3.35
kroA100,smart,0.7,4,36045,21689.00,21689.00,1.91,3.33
kroA100,smart,0.7,5,36046,21689.00,21689.00,1.91,3.30
kroA100,smart,0.7,6,36047,21676.00,21689.00,1.85,3.33
kroA100,smart,0.7,7,36048,21689.00,21689.00,1.91,3.31
kroA100,smart,0.7,8,36049,21689.00,21689.00,1.91,3.33
kroA100,smart,0.7,9,36050,21689.00,21689.00,1.91,3.29
kroA100,smart,0.7,10,36051,21689.00,21689.00,1.91,3.27
kroA100,smart,0.7,11,36052,21689.00,21689.00,1.91,3.26
kroA100,smart,0.7,12,36053,21689.00,21689.00,1.91,3.29
kroA100,smart,0.7,13,36054,21689.00,21689.00,1.91,3.29
kroA100,smart,0.7,14,36055,21689.00,21689.00,1.91,3.33
kroA100,smart,0.7,15,36056,21689.00,21689.00,1.91,3.32
kroA100,smart,0.7,16,36057,21689.00,21689.00,1.91,3.29
kroA100,smart,0.7,17,36058,21689.00,21689.00,1.91,3.28
kroA100,smart,0.7,18,36059,21689.00,21689.00,1.91,3.30
kroA100,smart,0.7,19,36060,21689.00,21689.00,1.91,3.29
kroA100,smart,0.7,20,36061,21665.00,21689.00,1.80,3.29
kroA100,smart,0.7,21,36062,21689.00,21689.00,1.91,3.36
kroA100,smart,0.7,22,36063,21689.00,21689.00,1.91,3.31
kroA100,smart,0.7,23,36064,21689.00,21689.00,1.91,3.36
kroA100,smart,0.7,24,36065,21689.00,21689.00,1.91,3.33
kroA100,smart,0.7,25,36066,21689.00,21689.00,1.91,3.35
kroA100,smart,0.7,26,36067,21689.00,21689.00,1.91,3.33
kroA100,smart,0.7,27,36068,21689.00,21689.00,1.91,3.30
kroA100,smart,0.7,28,36069,21689.00,21689.00,1.91,3.27
kroA100,smart,0.7,29,36070,21689.00,21689.00,1.91,3.27
kroA100,smart,0.7,30,36071,21689.00,21689.00,1.91,3.33
kroA100,smart,0.9,1,37042,21689.00,21689.00,1.91,3.38
kroA100,smart,0.9,2,37043,21689.00,21689.00,1.91,3.39
kroA100,smart,0.9,3,37044,21689.00,21689.00,1.91,3.41
kroA100,smart,0.9,4,37045,21531.00,21689.00,1.17,3.39
kroA100,smart,0.9,5,37046,21689.00,21689.00,1.91,3.38
kroA100,smart,0.9,6,37047,21689.00,21689.00,1.91,3.40
kroA100,smart,0.9,7,37048,21665.00,21689.00,1.80,3.39
kroA100,smart,0.9,8,37049,21689.00,21689.00,1.91,3.34
kroA100,smart,0.9,9,37050,21689.00,21689.00,1.91,3.41
kroA100,smart,0.9,10,37051,21689.00,21689.00,1.91,3.38
kroA100,smart,0.9,11,37052,21689.00,21689.00,1.91,3.39
kroA100,smart,0.9,12,37053,21689.00,21689.00,1.91,3.38
kroA100,smart,0.9,13,37054,21689.00,21689.00,1.91,3.44
kroA100,smart,0.9,14,37055,21689.00,21689.00,1.91,3.41
kroA100,smart,0.9,15,37056,21689.00,21689.00,1.91,3.41
kroA100,smart,0.9,16,37057,21689.00,21689.00,1.91,3.43
kroA100,smart,0.9,17,37058,21689.00,21689.00,1.91,3.37
kroA100,smart,0.9,18,37059,21689.00,21689.00,1.91,3.39
kroA100,smart,0.9,19,37060,21689.00,21689.00,1.91,3.38
kroA100,smart,0.9,20,37061,21689.00,21689.00,1.91,3.37
kroA100,smart,0.9,21,37062,21689.00,21689.00,1.91,3.40
kroA100,smart,0.9,22,37063,21689.00,21689.00,1.91,3.38
kroA100,smart,0.9,23,37064,21689.00,21689.00,1.91,3.36
kroA100,smart,0.9,24,37065,21689.00,21689.00,1.91,3.38
kroA100,smart,0.9,25,37066,21689.00,21689.00,1.91,3.38
kroA100,smart,0.9,26,37067,21689.00,21689.00,1.91,3.37
kroA100,smart,0.9,27,37068,21689.00,21689.00,1.91,3.42
kroA100,smart,0.9,28,37069,21689.00,21689.00,1.91,3.42
kroA100,smart,0.9,29,37070,21654.00,21689.00,1.75,3.41
kroA100,smart,0.9,30,37071,21689.00,21689.00,1.91,3.42

