EXPERIMENT 3 (random): Population Size
dataset,init_method,p,run,seed,best_cost,init_best,gap_percent,time_seconds
berlin52,random,50,1,102042,9067.00,27236.00,20.22,0.81
berlin52,random,50,2,102043,9289.00,26259.00,23.16,0.83
berlin52,random,50,3,102044,8775.00,27825.00,16.35,0.84
berlin52,random,50,4,102045,9016.00,26937.00,19.54,0.80
berlin52,random,50,5,102046,8741.00,26793.00,15.90,0.78
berlin52,random,50,6,102047,8330.00,24797.00,10.45,0.80
berlin52,random,50,7,102048,8532.00,26208.00,13.13,0.80
berlin52,random,50,8,102049,8971.00,26165.00,18.95,0.79
berlin52,random,50,9,102050,8750.00,26959.00,16.02,0.72
berlin52,random,50,10,102051,9095.00,27254.00,20.59,0.72
berlin52,random,50,11,102052,8382.00,27075.00,11.14,0.69
berlin52,random,50,12,102053,9282.00,26429.00,23.07,0.69
berlin52,random,50,13,102054,8519.00,26344.00,12.95,0.66
berlin52,random,50,14,102055,8199.00,25532.00,8.71,0.65
berlin52,random,50,15,102056,9201.00,26584.00,22.00,0.65
berlin52,random,50,16,102057,8646.00,25729.00,14.64,0.65
berlin52,random,50,17,102058,8875.00,26859.00,17.67,0.65
berlin52,random,50,18,102059,8928.00,24113.00,18.38,0.64
berlin52,random,50,19,102060,8778.00,26296.00,16.39,0.67
berlin52,random,50,20,102061,8213.00,25702.00,8.90,0.63
berlin52,random,50,21,102062,8287.00,26583.00,9.88,0.67
berlin52,random,50,22,102063,9064.00,24312.00,20.18,0.71
berlin52,random,50,23,102064,9065.00,27219.00,20.19,0.81
berlin52,random,50,24,102065,8379.00,24826.00,11.10,0.66
berlin52,random,50,25,102066,9003.00,26754.00,19.37,0.68
berlin52,random,50,26,102067,9355.00,27019.00,24.04,0.67
berlin52,random,50,27,102068,9162.00,26578.00,21.48,0.67
berlin52,random,50,28,102069,9018.00,26055.00,19.57,0.67
berlin52,random,50,29,102070,8590.00,26609.00,13.90,0.69
berlin52,random,50,30,102071,8883.00,25219.00,17.78,0.66
berlin52,random,100,1,103042,8041.00,26575.00,6.62,1.30
berlin52,random,100,2,103043,8297.00,25538.00,10.01,1.30
berlin52,random,100,3,103044,7951.00,26180.00,5.42,1.30
berlin52,random,100,4,103045,8310.00,24911.00,10.18,1.29
berlin52,random,100,5,103046,8045.00,25846.00,6.67,1.29
berlin52,random,100,6,103047,8496.00,26147.00,12.65,1.29
berlin52,random,100,7,103048,8420.00,26491.00,11.64,1.30
berlin52,random,100,8,103049,8364.00,25700.00,10.90,1.33
berlin52,random,100,9,103050,8432.00,26452.00,11.80,1.32
berlin52,random,100,10,103051,8125.00,24552.00,7.73,1.33
berlin52,random,100,11,103052,8543.00,25854.00,13.27,1.32
berlin52,random,100,12,103053,8208.00,27030.00,8.83,1.32
berlin52,random,100,13,103054,8731.00,25392.00,15.77,1.29
berlin52,random,100,14,103055,8019.00,25647.00,6.32,1.28
berlin52,random,100,15,103056,8167.00,25867.00,8.29,1.29
berlin52,random,100,16,103057,8584.00,25550.00,13.82,1.28
berlin52,random,100,17,103058,8079.00,25400.00,7.12,1.28
berlin52,random,100,18,103059,8496.00,24228.00,12.65,1.26
berlin52,random,100,19,103060,8315.00,24311.00,10.25,1.26
berlin52,random,100,20,103061,8356.00,24066.00,10.79,1.29
berlin52,random,100,21,103062,8432.00,24911.00,11.80,1.27
berlin52,random,100,22,103063,7934.00,25196.00,5.20,1.30
berlin52,random,100,23,103064,8427.00,26142.00,11.73,1.33
berlin52,random,100,24,103065,8121.00,25846.00,7.68,1.33
berlin52,random,100,25,103066,8156.00,24073.00,8.14,1.31
berlin52,random,100,26,103067,8721.00,27030.00,15.63,1.32
berlin52,random,100,27,103068,8183.00,25576.00,8.50,1.32
berlin52,random,100,28,103069,8349.00,26501.00,10.70,1.31
berlin52,random,100,29,103070,7959.00,23663.00,5.53,1.31
berlin52,random,100,30,103071,8186.00,26086.00,8.54,1.31
berlin52,random,120,1,104042,7782.00,24509.00,3.18,1.53
berlin52,random,120,2,104043,8332.00,25466.00,10.47,1.53
berlin52,random,120,3,104044,7959.00,25730.00,5.53,1.53
berlin52,random,120,4,104045,8391.00,25767.00,11.26,1.58
berlin52,random,120,5,104046,8117.00,25244.00,7.62,1.51
berlin52,random,120,6,104047,8587.00,26526.00,13.86,1.52
berlin52,random,120,7,104048,7913.00,25300.00,4.92,1.62
berlin52,random,120,8,104049,8500.00,26390.00,12.70,1.63
berlin52,random,120,9,104050,7762.00,26604.00,2.92,1.54
berlin52,random,120,10,104051,7916.00,26716.00,4.96,1.55
berlin52,random,120,11,104052,8111.00,25948.00,7.54,1.53
berlin52,random,120,12,104053,8301.00,25068.00,10.06,1.54
berlin52,random,120,13,104054,8144.00,24272.00,7.98,1.52
berlin52,random,120,14,104055,8113.00,26773.00,7.57,1.57
berlin52,random,120,15,104056,8432.00,25960.00,11.80,1.53
berlin52,random,120,16,104057,8084.00,26547.00,7.19,1.58
berlin52,random,120,17,104058,8190.00,26685.00,8.59,1.58
berlin52,random,120,18,104059,8131.00,25644.00,7.81,1.91
berlin52,random,120,19,104060,8513.00,25151.00,12.87,1.90
berlin52,random,120,20,104061,7841.00,25719.00,3.96,1.92
berlin52,random,120,21,104062,8254.00,25574.00,9.44,1.91
berlin52,random,120,22,104063,8147.00,26689.00,8.02,1.89
berlin52,random,120,23,104064,8175.00,25379.00,8.39,1.97
berlin52,random,120,24,104065,8595.00,26025.00,13.96,2.03
berlin52,random,120,25,104066,8014.00,25680.00,6.26,1.94
berlin52,random,120,26,104067,8553.00,26449.00,13.40,1.84
berlin52,random,120,27,104068,8972.00,26694.00,18.96,2.10
berlin52,random,120,28,104069,8163.00,25679.00,8.23,3.04
berlin52,random,120,29,104070,8462.00,25243.00,12.20,3.76
berlin52,random,120,30,104071,7978.00,25660.00,5.78,3.28
berlin52,random,150,1,105042,8238.00,25520.00,9.23,4.22
berlin52,random,150,2,105043,8016.00,24173.00,6.28,3.56
berlin52,random,150,3,105044,8321.00,25232.00,10.33,2.93
berlin52,random,150,4,105045,8021.00,26042.00,6.35,2.36
berlin52,random,150,5,105046,8336.00,25697.00,10.53,2.24
berlin52,random,150,6,105047,8282.00,25929.00,9.81,2.18
berlin52,random,150,7,105048,8073.00,24808.00,7.04,2.43
berlin52,random,150,8,105049,8461.00,23751.00,12.19,2.40
berlin52,random,150,9,105050,8101.00,25256.00,7.41,2.41
berlin52,random,150,10,105051,8111.00,25153.00,7.54,2.64
berlin52,random,150,11,105052,8370.00,25706.00,10.98,2.50
berlin52,random,150,12,105053,8264.00,25819.00,9.57,2.40
berlin52,random,150,13,105054,8274.00,25593.00,9.71,2.27
berlin52,random,150,14,105055,8023.00,25100.00,6.38,2.20
berlin52,random,150,15,105056,7775.00,24514.00,3.09,2.20
berlin52,random,150,16,105057,8422.00,25836.00,11.67,2.33
berlin52,random,150,17,105058,8503.00,25523.00,12.74,2.35
berlin52,random,150,18,105059,8451.00,24611.00,12.05,2.39
berlin52,random,150,19,105060,8344.00,25578.00,10.63,2.37
berlin52,random,150,20,105061,8248.00,25461.00,9.36,2.39
berlin52,random,150,21,105062,8262.00,25180.00,9.55,2.30
berlin52,random,150,22,105063,8139.00,25366.00,7.92,2.29
berlin52,random,150,23,105064,7853.00,25876.00,4.12,2.25
berlin52,random,150,24,105065,8298.00,25558.00,10.02,2.23
berlin52,random,150,25,105066,8351.00,24230.00,10.73,2.18
berlin52,random,150,26,105067,8240.00,25689.00,9.25,2.22
berlin52,random,150,27,105068,8285.00,26585.00,9.85,2.28
berlin52,random,150,28,105069,7727.00,25445.00,2.45,2.30
berlin52,random,150,29,105070,8491.00,26140.00,12.58,2.42
berlin52,random,150,30,105071,8256.00,26143.00,9.47,2.37

EXPERIMENT 6 (random): Generations
dataset,init_method,G,run,seed,best_cost,init_best,gap_percent,time_seconds
berlin52,random,100,1,105042,9509.00,25694.00,26.08,0.32
berlin52,random,100,2,105043,10185.00,24173.00,35.04,0.33
berlin52,random,100,3,105044,9821.00,25232.00,30.22,0.34
berlin52,random,100,4,105045,10162.00,26889.00,34.74,0.42
berlin52,random,100,5,105046,10466.00,26221.00,38.77,0.35
berlin52,random,100,6,105047,10456.00,25929.00,38.64,0.32
berlin52,random,100,7,105048,10205.00,25976.00,35.31,0.32
berlin52,random,100,8,105049,10407.00,26790.00,37.99,0.32
berlin52,random,100,9,105050,10989.00,25669.00,45.70,0.33
berlin52,random,100,10,105051,10776.00,25153.00,42.88,0.32
berlin52,random,100,11,105052,10100.00,25706.00,33.92,0.33
berlin52,random,100,12,105053,10178.00,25819.00,34.95,0.33
berlin52,random,100,13,105054,10307.00,25593.00,36.66,0.33
berlin52,random,100,14,105055,10780.00,25100.00,42.93,0.33
berlin52,random,100,15,105056,10298.00,24514.00,36.54,0.31
berlin52,random,100,16,105057,10702.00,26176.00,41.90,0.33
berlin52,random,100,17,105058,10312.00,25523.00,36.73,0.34
berlin52,random,100,18,105059,10499.00,24611.00,39.21,0.37
berlin52,random,100,19,105060,10755.00,25578.00,42.60,0.31
berlin52,random,100,20,105061,10717.00,25461.00,42.10,0.34
berlin52,random,100,21,105062,11569.00,25180.00,53.39,0.32
berlin52,random,100,22,105063,10144.00,25366.00,34.50,0.31
berlin52,random,100,23,105064,10869.00,25890.00,44.11,0.31
berlin52,random,100,24,105065,10741.00,25558.00,42.42,0.33
berlin52,random,100,25,105066,9992.00,24230.00,32.48,0.31
berlin52,random,100,26,105067,11232.00,25689.00,48.93,0.33
berlin52,random,100,27,105068,10805.00,26585.00,43.26,0.31
berlin52,random,100,28,105069,10455.00,25588.00,38.62,0.32
berlin52,random,100,29,105070,10572.00,26140.00,40.18,0.30
berlin52,random,100,30,105071,10138.00,26538.00,34.42,0.31
berlin52,random,300,1,106042,9197.00,26535.00,21.94,0.92
berlin52,random,300,2,106043,8729.00,25935.00,15.74,0.90
berlin52,random,300,3,106044,8379.00,24794.00,11.10,0.91
berlin52,random,300,4,106045,9083.00,25472.00,20.43,0.92
berlin52,random,300,5,106046,8045.00,25162.00,6.67,0.93
berlin52,random,300,6,106047,8377.00,25050.00,11.07,0.92
berlin52,random,300,7,106048,8919.00,25921.00,18.26,0.92
berlin52,random,300,8,106049,8776.00,25985.00,16.36,0.93
berlin52,random,300,9,106050,8472.00,26137.00,12.33,0.93
berlin52,random,300,10,106051,8765.00,25881.00,16.22,0.90
berlin52,random,300,11,106052,8835.00,25070.00,17.14,0.92
berlin52,random,300,12,106053,8482.00,25967.00,12.46,0.88
berlin52,random,300,13,106054,8867.00,26160.00,17.57,0.86
berlin52,random,300,14,106055,8547.00,24932.00,13.33,0.87
berlin52,random,300,15,106056,8559.00,26191.00,13.48,0.89
berlin52,random,300,16,106057,8490.00,26071.00,12.57,0.87
berlin52,random,300,17,106058,8598.00,25856.00,14.00,0.88
berlin52,random,300,18,106059,9036.00,25266.00,19.81,0.94
berlin52,random,300,19,106060,8524.00,25554.00,13.02,0.88
berlin52,random,300,20,106061,8558.00,26012.00,13.47,0.91
berlin52,random,300,21,106062,8772.00,25422.00,16.31,0.90
berlin52,random,300,22,106063,8746.00,26542.00,15.96,0.98
berlin52,random,300,23,106064,8525.00,24187.00,13.03,0.99
berlin52,random,300,24,106065,8746.00,25472.00,15.96,1.01
berlin52,random,300,25,106066,8074.00,25402.00,7.05,0.97
berlin52,random,300,26,106067,7959.00,25262.00,5.53,0.94
berlin52,random,300,27,106068,8696.00,26134.00,15.30,0.94
berlin52,random,300,28,106069,8005.00,25660.00,6.14,0.98
berlin52,random,300,29,106070,8231.00,25537.00,9.14,0.93
berlin52,random,300,30,106071,8490.00,26648.00,12.57,1.00
berlin52,random,500,1,107042,8113.00,25947.00,7.57,1.60
berlin52,random,500,2,107043,8280.00,25541.00,9.79,1.55
berlin52,random,500,3,107044,8461.00,26719.00,12.19,1.51
berlin52,random,500,4,107045,7887.00,24936.00,4.57,1.50
berlin52,random,500,5,107046,8104.00,26162.00,7.45,1.50
berlin52,random,500,6,107047,8292.00,25691.00,9.94,1.50
berlin52,random,500,7,107048,8327.00,25745.00,10.41,1.60
berlin52,random,500,8,107049,8112.00,26431.00,7.56,1.48
berlin52,random,500,9,107050,8836.00,25583.00,17.16,1.51
berlin52,random,500,10,107051,8167.00,26220.00,8.29,1.49
berlin52,random,500,11,107052,8146.00,26524.00,8.01,1.74
berlin52,random,500,12,107053,8431.00,26000.00,11.79,1.68
berlin52,random,500,13,107054,8674.00,26001.00,15.01,1.55
berlin52,random,500,14,107055,8793.00,25780.00,16.59,1.58
berlin52,random,500,15,107056,8664.00,26197.00,14.88,1.58
berlin52,random,500,16,107057,9046.00,25593.00,19.94,1.62
berlin52,random,500,17,107058,8727.00,25614.00,15.71,1.59
berlin52,random,500,18,107059,8477.00,26253.00,12.40,1.56
berlin52,random,500,19,107060,8391.00,25968.00,11.26,1.58
berlin52,random,500,20,107061,8220.00,26306.00,8.99,1.52
berlin52,random,500,21,107062,8544.00,24665.00,13.29,1.53
berlin52,random,500,22,107063,8451.00,24541.00,12.05,1.55
berlin52,random,500,23,107064,8444.00,26341.00,11.96,1.56
berlin52,random,500,24,107065,7891.00,25942.00,4.63,1.51
berlin52,random,500,25,107066,8508.00,26377.00,12.81,1.51
berlin52,random,500,26,107067,8097.00,24920.00,7.36,1.52
berlin52,random,500,27,107068,8075.00,24968.00,7.07,1.52
berlin52,random,500,28,107069,8899.00,24430.00,17.99,1.59
berlin52,random,500,29,107070,8379.00,25581.00,11.10,1.54
berlin52,random,500,30,107071,8291.00,24819.00,9.93,1.69
berlin52,random,800,1,108042,8511.00,25003.00,12.85,2.70
berlin52,random,800,2,108043,8046.00,25137.00,6.68,2.60
berlin52,random,800,3,108044,7923.00,25013.00,5.05,2.80
berlin52,random,800,4,108045,8393.00,25861.00,11.28,2.72
berlin52,random,800,5,108046,8283.00,25329.00,9.82,2.59
berlin52,random,800,6,108047,8467.00,26596.00,12.26,2.62
berlin52,random,800,7,108048,8047.00,25184.00,6.70,2.44
berlin52,random,800,8,108049,8609.00,25012.00,14.15,2.46
berlin52,random,800,9,108050,7915.00,25590.00,4.95,2.41
berlin52,random,800,10,108051,8253.00,25762.00,9.43,2.38
berlin52,random,800,11,108052,7947.00,26831.00,5.37,2.37
berlin52,random,800,12,108053,8282.00,26183.00,9.81,2.41
berlin52,random,800,13,108054,8117.00,25811.00,7.62,2.46
berlin52,random,800,14,108055,7911.00,25489.00,4.89,2.46
berlin52,random,800,15,108056,7995.00,25539.00,6.01,2.49
berlin52,random,800,16,108057,8485.00,26656.00,12.50,2.54
berlin52,random,800,17,108058,8568.00,24284.00,13.60,2.51
berlin52,random,800,18,108059,8151.00,26205.00,8.07,2.45
berlin52,random,800,19,108060,8575.00,26481.00,13.70,2.41
berlin52,random,800,20,108061,8038.00,24066.00,6.58,2.34
berlin52,random,800,21,108062,8265.00,25978.00,9.59,2.29
berlin52,random,800,22,108063,8146.00,24236.00,8.01,2.30
berlin52,random,800,23,108064,8211.00,26524.00,8.87,2.29
berlin52,random,800,24,108065,8660.00,25300.00,14.82,2.32
berlin52,random,800,25,108066,8165.00,24650.00,8.26,2.42
berlin52,random,800,26,108067,8017.00,25638.00,6.30,2.36
berlin52,random,800,27,108068,8283.00,26025.00,9.82,2.52
berlin52,random,800,28,108069,8209.00,26796.00,8.84,2.57
berlin52,random,800,29,108070,8153.00,26045.00,8.10,11.45
berlin52,random,800,30,108071,8305.00,25701.00,10.12,8.92

EXPERIMENT 4 (random): Mutation Rate
dataset,init_method,m,run,seed,best_cost,init_best,gap_percent,time_seconds
berlin52,random,0.05,1,103042,8237.00,26575.00,9.22,4.46
berlin52,random,0.05,2,103043,8691.00,25538.00,15.23,3.98
berlin52,random,0.05,3,103044,8336.00,26180.00,10.53,4.27
berlin52,random,0.05,4,103045,8991.00,24911.00,19.21,4.57
berlin52,random,0.05,5,103046,8349.00,25846.00,10.70,4.35
berlin52,random,0.05,6,103047,8594.00,26147.00,13.95,5.33
berlin52,random,0.05,7,103048,9222.00,26491.00,22.28,6.02
berlin52,random,0.05,8,103049,8620.00,25700.00,14.29,5.63
berlin52,random,0.05,9,103050,8725.00,26452.00,15.69,5.10
berlin52,random,0.05,10,103051,8884.00,24552.00,17.79,4.01
berlin52,random,0.05,11,103052,8534.00,25854.00,13.15,2.94
berlin52,random,0.05,12,103053,8936.00,27030.00,18.48,3.11
berlin52,random,0.05,13,103054,8909.00,25392.00,18.13,3.74
berlin52,random,0.05,14,103055,8858.00,25647.00,17.45,2.96
berlin52,random,0.05,15,103056,8365.00,25867.00,10.91,4.03
berlin52,random,0.05,16,103057,8391.00,25550.00,11.26,3.29
berlin52,random,0.05,17,103058,8853.00,25400.00,17.38,2.93
berlin52,random,0.05,18,103059,8227.00,24228.00,9.08,3.17
berlin52,random,0.05,19,103060,8100.00,24311.00,7.40,3.10
berlin52,random,0.05,20,103061,8588.00,24066.00,13.87,3.10
berlin52,random,0.05,21,103062,8518.00,24911.00,12.94,3.06
berlin52,random,0.05,22,103063,8477.00,25196.00,12.40,3.46
berlin52,random,0.05,23,103064,8183.00,26142.00,8.50,3.78
berlin52,random,0.05,24,103065,8696.00,25846.00,15.30,4.51
berlin52,random,0.05,25,103066,8592.00,24073.00,13.92,3.95
berlin52,random,0.05,26,103067,8412.00,27030.00,11.54,4.28
berlin52,random,0.05,27,103068,8745.00,25576.00,15.95,3.52
berlin52,random,0.05,28,103069,8893.00,26501.00,17.91,3.54
berlin52,random,0.05,29,103070,8890.00,23663.00,17.87,2.67
berlin52,random,0.05,30,103071,8385.00,26086.00,11.18,2.79
berlin52,random,0.1,1,104042,8000.00,24509.00,6.07,2.86
berlin52,random,0.1,2,104043,7861.00,25466.00,4.23,3.09
berlin52,random,0.1,3,104044,8264.00,25730.00,9.57,3.21
berlin52,random,0.1,4,104045,8310.00,25997.00,10.18,2.45
berlin52,random,0.1,5,104046,8040.00,25244.00,6.60,2.54
berlin52,random,0.1,6,104047,8456.00,26526.00,12.12,3.45
berlin52,random,0.1,7,104048,8466.00,26519.00,12.25,3.20
berlin52,random,0.1,8,104049,8182.00,26390.00,8.49,2.66
berlin52,random,0.1,9,104050,8560.00,26819.00,13.50,2.92
berlin52,random,0.1,10,104051,8323.00,26716.00,10.36,2.90
berlin52,random,0.1,11,104052,8413.00,25948.00,11.55,2.98
berlin52,random,0.1,12,104053,8165.00,25068.00,8.26,2.80
berlin52,random,0.1,13,104054,8433.00,24272.00,11.81,3.39
berlin52,random,0.1,14,104055,8376.00,26773.00,11.06,2.69
berlin52,random,0.1,15,104056,7781.00,26382.00,3.17,2.66
berlin52,random,0.1,16,104057,8289.00,26547.00,9.90,2.98
berlin52,random,0.1,17,104058,8511.00,26869.00,12.85,2.99
berlin52,random,0.1,18,104059,8223.00,25644.00,9.03,2.81
berlin52,random,0.1,19,104060,8374.00,26495.00,11.03,2.60
berlin52,random,0.1,20,104061,8236.00,25719.00,9.20,2.53
berlin52,random,0.1,21,104062,8372.00,25574.00,11.01,2.44
berlin52,random,0.1,22,104063,8445.00,26689.00,11.97,2.74
berlin52,random,0.1,23,104064,8519.00,25379.00,12.95,2.76
berlin52,random,0.1,24,104065,8627.00,26025.00,14.39,2.91
berlin52,random,0.1,25,104066,8220.00,25680.00,8.99,2.42
berlin52,random,0.1,26,104067,8500.00,26449.00,12.70,2.54
berlin52,random,0.1,27,104068,7972.00,26694.00,5.70,3.10
berlin52,random,0.1,28,104069,8515.00,25679.00,12.90,2.77
berlin52,random,0.1,29,104070,8316.00,25243.00,10.26,3.01
berlin52,random,0.1,30,104071,8133.00,25660.00,7.84,2.71
berlin52,random,0.2,1,105042,8525.00,25694.00,13.03,2.79
berlin52,random,0.2,2,105043,8512.00,24173.00,12.86,2.76
berlin52,random,0.2,3,105044,8140.00,25232.00,7.93,2.64
berlin52,random,0.2,4,105045,8319.00,26889.00,10.30,3.68
berlin52,random,0.2,5,105046,8448.00,26221.00,12.01,3.34
berlin52,random,0.2,6,105047,7977.00,25929.00,5.77,3.48
berlin52,random,0.2,7,105048,8566.00,25976.00,13.58,3.18
berlin52,random,0.2,8,105049,7886.00,26790.00,4.56,2.88
berlin52,random,0.2,9,105050,8280.00,25669.00,9.79,3.02
berlin52,random,0.2,10,105051,8251.00,25153.00,9.40,2.70
berlin52,random,0.2,11,105052,7954.00,25706.00,5.46,2.90
berlin52,random,0.2,12,105053,7867.00,25819.00,4.31,2.85
berlin52,random,0.2,13,105054,8204.00,25593.00,8.78,3.02
berlin52,random,0.2,14,105055,7849.00,25100.00,4.07,3.18
berlin52,random,0.2,15,105056,7732.00,24514.00,2.52,3.03
berlin52,random,0.2,16,105057,8553.00,26176.00,13.40,2.71
berlin52,random,0.2,17,105058,7734.00,25523.00,2.55,2.43
berlin52,random,0.2,18,105059,8405.00,24611.00,11.44,2.72
berlin52,random,0.2,19,105060,8079.00,25578.00,7.12,2.60
berlin52,random,0.2,20,105061,8020.00,25461.00,6.34,2.63
berlin52,random,0.2,21,105062,8084.00,25180.00,7.19,2.67
berlin52,random,0.2,22,105063,8219.00,25366.00,8.98,2.57
berlin52,random,0.2,23,105064,8351.00,25890.00,10.73,2.66
berlin52,random,0.2,24,105065,8258.00,25558.00,9.49,2.68
berlin52,random,0.2,25,105066,8400.00,24230.00,11.38,2.79
berlin52,random,0.2,26,105067,8239.00,25689.00,9.24,2.60
berlin52,random,0.2,27,105068,7922.00,26585.00,5.04,2.71
berlin52,random,0.2,28,105069,8140.00,25588.00,7.93,2.59
berlin52,random,0.2,29,105070,8289.00,26140.00,9.90,2.42
berlin52,random,0.2,30,105071,8092.00,26538.00,7.29,2.46
berlin52,random,0.4,1,106042,7765.00,26535.00,2.96,2.92
berlin52,random,0.4,2,106043,8145.00,25935.00,8.00,2.42
berlin52,random,0.4,3,106044,8215.00,24794.00,8.92,2.42
berlin52,random,0.4,4,106045,8028.00,25472.00,6.44,2.47
berlin52,random,0.4,5,106046,8006.00,25162.00,6.15,2.80
berlin52,random,0.4,6,106047,8169.00,25050.00,8.31,2.74
berlin52,random,0.4,7,106048,8405.00,25921.00,11.44,2.95
berlin52,random,0.4,8,106049,8340.00,25985.00,10.58,2.60
berlin52,random,0.4,9,106050,8258.00,26137.00,9.49,2.73
berlin52,random,0.4,10,106051,8333.00,25881.00,10.49,2.96
berlin52,random,0.4,11,106052,8062.00,25070.00,6.89,2.49
berlin52,random,0.4,12,106053,8405.00,25967.00,11.44,2.42
berlin52,random,0.4,13,106054,8434.00,26160.00,11.83,2.74
berlin52,random,0.4,14,106055,8506.00,24932.00,12.78,2.46
berlin52,random,0.4,15,106056,8340.00,26191.00,10.58,2.33
berlin52,random,0.4,16,106057,7963.00,26071.00,5.58,2.43
berlin52,random,0.4,17,106058,8596.00,25856.00,13.98,2.76
berlin52,random,0.4,18,106059,8257.00,25266.00,9.48,2.84
berlin52,random,0.4,19,106060,8587.00,25554.00,13.86,2.69
berlin52,random,0.4,20,106061,8379.00,26012.00,11.10,2.68
berlin52,random,0.4,21,106062,8280.00,25422.00,9.79,2.45
berlin52,random,0.4,22,106063,8578.00,26542.00,13.74,2.65
berlin52,random,0.4,23,106064,7900.00,24187.00,4.75,2.41
berlin52,random,0.4,24,106065,8206.00,25472.00,8.80,2.61
berlin52,random,0.4,25,106066,7974.00,25402.00,5.73,2.55
berlin52,random,0.4,26,106067,8100.00,25262.00,7.40,2.64
berlin52,random,0.4,27,106068,8399.00,26134.00,11.36,2.52
berlin52,random,0.4,28,106069,8100.00,25660.00,7.40,2.61
berlin52,random,0.4,29,106070,7822.00,25537.00,3.71,2.72
berlin52,random,0.4,30,106071,8179.00,26648.00,8.45,3.01

EXPERIMENT 5 (random): Replacement Rate
dataset,init_method,r,run,seed,best_cost,init_best,gap_percent,time_seconds
berlin52,random,0.3,1,104042,8615.00,24509.00,14.23,2.28
berlin52,random,0.3,2,104043,8386.00,25466.00,11.19,2.44
berlin52,random,0.3,3,104044,8134.00,25730.00,7.85,2.27
berlin52,random,0.3,4,104045,8406.00,25997.00,11.46,2.40
berlin52,random,0.3,5,104046,8559.00,25244.00,13.48,2.81
berlin52,random,0.3,6,104047,8684.00,26526.00,15.14,2.38
berlin52,random,0.3,7,104048,8531.00,26519.00,13.11,2.18
berlin52,random,0.3,8,104049,8110.00,26390.00,7.53,2.04
berlin52,random,0.3,9,104050,8600.00,26819.00,14.03,1.99
berlin52,random,0.3,10,104051,8410.00,26716.00,11.51,1.97
berlin52,random,0.3,11,104052,8564.00,25948.00,13.55,1.96
berlin52,random,0.3,12,104053,8466.00,25068.00,12.25,1.91
berlin52,random,0.3,13,104054,8305.00,24272.00,10.12,2.00
berlin52,random,0.3,14,104055,8629.00,26773.00,14.41,1.81
berlin52,random,0.3,15,104056,8556.00,26382.00,13.44,1.91
berlin52,random,0.3,16,104057,8220.00,26547.00,8.99,1.80
berlin52,random,0.3,17,104058,8412.00,26869.00,11.54,1.99
berlin52,random,0.3,18,104059,8266.00,25644.00,9.60,1.86
berlin52,random,0.3,19,104060,8320.00,26495.00,10.32,2.10
berlin52,random,0.3,20,104061,8883.00,25719.00,17.78,2.02
berlin52,random,0.3,21,104062,8455.00,25574.00,12.11,2.22
berlin52,random,0.3,22,104063,8555.00,26689.00,13.43,2.15
berlin52,random,0.3,23,104064,8048.00,25379.00,6.71,2.16
berlin52,random,0.3,24,104065,8892.00,26025.00,17.90,2.13
berlin52,random,0.3,25,104066,8482.00,25680.00,12.46,2.17
berlin52,random,0.3,26,104067,8707.00,26449.00,15.45,2.15
berlin52,random,0.3,27,104068,8605.00,26694.00,14.09,2.58
berlin52,random,0.3,28,104069,7821.00,25679.00,3.70,2.05
berlin52,random,0.3,29,104070,8185.00,25243.00,8.53,2.02
berlin52,random,0.3,30,104071,8403.00,25660.00,11.42,2.22
berlin52,random,0.5,1,105042,8203.00,25694.00,8.76,2.42
berlin52,random,0.5,2,105043,8187.00,24173.00,8.55,2.28
berlin52,random,0.5,3,105044,8041.00,25232.00,6.62,1.94
berlin52,random,0.5,4,105045,8516.00,26889.00,12.91,2.01
berlin52,random,0.5,5,105046,8324.00,26221.00,10.37,1.94
berlin52,random,0.5,6,105047,8281.00,25929.00,9.80,2.11
berlin52,random,0.5,7,105048,8497.00,25976.00,12.66,1.99
berlin52,random,0.5,8,105049,8438.00,26790.00,11.88,2.21
berlin52,random,0.5,9,105050,8496.00,25669.00,12.65,2.09
berlin52,random,0.5,10,105051,8788.00,25153.00,16.52,2.24
berlin52,random,0.5,11,105052,8537.00,25706.00,13.19,2.41
berlin52,random,0.5,12,105053,8270.00,25819.00,9.65,2.17
berlin52,random,0.5,13,105054,8167.00,25593.00,8.29,2.06
berlin52,random,0.5,14,105055,8154.00,25100.00,8.11,2.09
berlin52,random,0.5,15,105056,8200.00,24514.00,8.72,2.08
berlin52,random,0.5,16,105057,8525.00,26176.00,13.03,2.05
berlin52,random,0.5,17,105058,8145.00,25523.00,8.00,1.99
berlin52,random,0.5,18,105059,8559.00,24611.00,13.48,2.04
berlin52,random,0.5,19,105060,8513.00,25578.00,12.87,2.12
berlin52,random,0.5,20,105061,8172.00,25461.00,8.35,2.04
berlin52,random,0.5,21,105062,8128.00,25180.00,7.77,2.08
berlin52,random,0.5,22,105063,8697.00,25366.00,15.31,2.08
berlin52,random,0.5,23,105064,8596.00,25890.00,13.98,2.09
berlin52,random,0.5,24,105065,8359.00,25558.00,10.83,2.01
berlin52,random,0.5,25,105066,8295.00,24230.00,9.98,2.67
berlin52,random,0.5,26,105067,8596.00,25689.00,13.98,1.98
berlin52,random,0.5,27,105068,8485.00,26585.00,12.50,1.89
berlin52,random,0.5,28,105069,8553.00,25588.00,13.40,1.81
berlin52,random,0.5,29,105070,8447.00,26140.00,12.00,1.85
berlin52,random,0.5,30,105071,8296.00,26538.00,10.00,1.85
berlin52,random,0.7,1,106042,8288.00,26535.00,9.89,2.05
berlin52,random,0.7,2,106043,8618.00,25935.00,14.27,1.92
berlin52,random,0.7,3,106044,7757.00,24794.00,2.85,1.97
berlin52,random,0.7,4,106045,8712.00,25472.00,15.51,1.91
berlin52,random,0.7,5,106046,7884.00,25162.00,4.53,1.93
berlin52,random,0.7,6,106047,8277.00,25050.00,9.75,1.90
berlin52,random,0.7,7,106048,8896.00,25921.00,17.95,1.87
berlin52,random,0.7,8,106049,8273.00,25985.00,9.69,1.91
berlin52,random,0.7,9,106050,8129.00,26137.00,7.78,1.81
berlin52,random,0.7,10,106051,8000.00,25881.00,6.07,1.79
berlin52,random,0.7,11,106052,8637.00,25070.00,14.52,1.93
berlin52,random,0.7,12,106053,8197.00,25967.00,8.68,1.75
berlin52,random,0.7,13,106054,8663.00,26160.00,14.86,1.62
berlin52,random,0.7,14,106055,8177.00,24932.00,8.42,1.64
berlin52,random,0.7,15,106056,8368.00,26191.00,10.95,1.63
berlin52,random,0.7,16,106057,8119.00,26071.00,7.65,1.66
berlin52,random,0.7,17,106058,8488.00,25856.00,12.54,1.70
berlin52,random,0.7,18,106059,8849.00,25266.00,17.33,1.72
berlin52,random,0.7,19,106060,8183.00,25554.00,8.50,1.84
berlin52,random,0.7,20,106061,8155.00,26012.00,8.13,2.09
berlin52,random,0.7,21,106062,8253.00,25422.00,9.43,2.18
berlin52,random,0.7,22,106063,8500.00,26542.00,12.70,2.65
berlin52,random,0.7,23,106064,8305.00,24187.00,10.12,2.75
berlin52,random,0.7,24,106065,8441.00,25472.00,11.92,2.39
berlin52,random,0.7,25,106066,7882.00,25402.00,4.51,2.44
berlin52,random,0.7,26,106067,7678.00,25262.00,1.80,2.56
berlin52,random,0.7,27,106068,8326.00,26134.00,10.40,1.97
berlin52,random,0.7,28,106069,7950.00,25660.00,5.41,1.74
berlin52,random,0.7,29,106070,8143.00,25537.00,7.97,1.67
berlin52,random,0.7,30,106071,8411.00,26648.00,11.52,1.63
berlin52,random,0.9,1,107042,8164.00,25947.00,8.25,1.62
berlin52,random,0.9,2,107043,8340.00,25541.00,10.58,1.82
berlin52,random,0.9,3,107044,8630.00,26719.00,14.43,1.57
berlin52,random,0.9,4,107045,8610.00,24936.00,14.16,1.62
berlin52,random,0.9,5,107046,8049.00,26162.00,6.72,1.59
berlin52,random,0.9,6,107047,8454.00,25691.00,12.09,1.53
berlin52,random,0.9,7,107048,8380.00,25745.00,11.11,1.54
berlin52,random,0.9,8,107049,8243.00,26431.00,9.29,1.57
berlin52,random,0.9,9,107050,8263.00,25583.00,9.56,1.60
berlin52,random,0.9,10,107051,8380.00,26220.00,11.11,1.59
berlin52,random,0.9,11,107052,8534.00,26524.00,13.15,1.60
berlin52,random,0.9,12,107053,8565.00,26000.00,13.56,1.68
berlin52,random,0.9,13,107054,8162.00,26001.00,8.22,1.68
berlin52,random,0.9,14,107055,8432.00,25780.00,11.80,1.79
berlin52,random,0.9,15,107056,8391.00,26197.00,11.26,1.70
berlin52,random,0.9,16,107057,8071.00,25593.00,7.01,1.67
berlin52,random,0.9,17,107058,8389.00,25614.00,11.23,1.67
berlin52,random,0.9,18,107059,8622.00,26253.00,14.32,1.61
berlin52,random,0.9,19,107060,8371.00,25968.00,10.99,1.55
berlin52,random,0.9,20,107061,8620.00,26306.00,14.29,1.56
berlin52,random,0.9,21,107062,8693.00,24665.00,15.26,1.59
berlin52,random,0.9,22,107063,8623.00,24541.00,14.33,1.55
berlin52,random,0.9,23,107064,8926.00,26341.00,18.35,1.54
berlin52,random,0.9,24,107065,8483.00,25942.00,12.48,1.60
berlin52,random,0.9,25,107066,8728.00,26377.00,15.73,1.57
berlin52,random,0.9,26,107067,8563.00,24920.00,13.54,1.58
berlin52,random,0.9,27,107068,8355.00,24968.00,10.78,1.58
berlin52,random,0.9,28,107069,8271.00,24430.00,9.67,1.59
berlin52,random,0.9,29,107070,8282.00,25581.00,9.81,1.60
berlin52,random,0.9,30,107071,8127.00,24819.00,7.76,1.63

