EXPERIMENT 1: Initialization Comparison
dataset,init_method,run,seed,best_cost,time_seconds
berlin52,random,1,42,10289.00,1.47
berlin52,random,2,43,9997.00,1.48
berlin52,random,3,44,9279.00,1.45
berlin52,random,4,45,9729.00,1.45
berlin52,random,5,46,9377.00,1.44
berlin52,random,6,47,9652.00,1.41
berlin52,random,7,48,10190.00,1.44
berlin52,random,8,49,9097.00,1.46
berlin52,random,9,50,10134.00,1.43
berlin52,random,10,51,10095.00,1.43
berlin52,nn,1,42,7542.00,1.84
berlin52,nn,2,43,7542.00,1.82
berlin52,nn,3,44,7542.00,1.82
berlin52,nn,4,45,7542.00,1.80
berlin52,nn,5,46,7542.00,1.85
berlin52,nn,6,47,7542.00,1.89
berlin52,nn,7,48,7542.00,1.98
berlin52,nn,8,49,7542.00,2.17
berlin52,nn,9,50,7542.00,1.97
berlin52,nn,10,51,7542.00,1.95
berlin52,angle,1,42,9384.00,1.51
berlin52,angle,2,43,8889.00,1.48
berlin52,angle,3,44,9273.00,1.48
berlin52,angle,4,45,8747.00,1.51
berlin52,angle,5,46,8607.00,1.54
berlin52,angle,6,47,9604.00,1.59
berlin52,angle,7,48,8858.00,1.51
berlin52,angle,8,49,8284.00,1.47
berlin52,angle,9,50,8937.00,1.56
berlin52,angle,10,51,8800.00,1.48
berlin52,smart,1,42,7542.00,1.60
berlin52,smart,2,43,7542.00,1.57
berlin52,smart,3,44,7542.00,1.58
berlin52,smart,4,45,7542.00,1.63
berlin52,smart,5,46,7542.00,1.58
berlin52,smart,6,47,7542.00,1.58
berlin52,smart,7,48,7542.00,1.60
berlin52,smart,8,49,7542.00,1.56
berlin52,smart,9,50,7542.00,1.56
berlin52,smart,10,51,7542.00,1.60

EXPERIMENT 2: Problem Size Scaling
dataset,num_cities,run,seed,best_cost,known_optimal,gap_percent,time_seconds
burma14,14,1,1042,3323.00,3323,0.00,1.26
burma14,14,2,1043,3323.00,3323,0.00,1.22
burma14,14,3,1044,3323.00,3323,0.00,1.20
burma14,14,4,1045,3323.00,3323,0.00,1.21
burma14,14,5,1046,3323.00,3323,0.00,1.22
burma14,14,6,1047,3323.00,3323,0.00,1.19
burma14,14,7,1048,3323.00,3323,0.00,1.18
burma14,14,8,1049,3323.00,3323,0.00,1.22
burma14,14,9,1050,3323.00,3323,0.00,1.25
burma14,14,10,1051,3323.00,3323,0.00,1.21
berlin52,52,1,2042,7542.00,7542,0.00,1.59
berlin52,52,2,2043,7542.00,7542,0.00,1.58
berlin52,52,3,2044,7542.00,7542,0.00,1.60
berlin52,52,4,2045,7542.00,7542,0.00,1.57
berlin52,52,5,2046,7542.00,7542,0.00,1.61
berlin52,52,6,2047,7542.00,7542,0.00,1.59
berlin52,52,7,2048,7542.00,7542,0.00,1.58
berlin52,52,8,2049,7542.00,7542,0.00,1.57
berlin52,52,9,2050,7542.00,7542,0.00,1.71
berlin52,52,10,2051,7542.00,7542,0.00,1.72
kroA100,100,1,3042,21689.00,21282,1.91,3.75
kroA100,100,2,3043,21689.00,21282,1.91,3.52
kroA100,100,3,3044,21575.00,21282,1.38,3.48
kroA100,100,4,3045,21689.00,21282,1.91,3.49
kroA100,100,5,3046,21689.00,21282,1.91,3.50
kroA100,100,6,3047,21689.00,21282,1.91,3.51
kroA100,100,7,3048,21689.00,21282,1.91,3.50
kroA100,100,8,3049,21652.00,21282,1.74,3.49
kroA100,100,9,3050,21689.00,21282,1.91,3.51
kroA100,100,10,3051,21689.00,21282,1.91,3.60
kroA200,200,1,4042,29704.00,29368,1.14,11.07
kroA200,200,2,4043,30028.00,29368,2.25,10.76
kroA200,200,3,4044,29856.00,29368,1.66,10.71
kroA200,200,4,4045,29849.00,29368,1.64,10.84
kroA200,200,5,4046,29849.00,29368,1.64,10.90
kroA200,200,6,4047,29765.00,29368,1.35,12.42
kroA200,200,7,4048,29823.00,29368,1.55,11.13
kroA200,200,8,4049,29849.00,29368,1.64,10.79
kroA200,200,9,4050,29777.00,29368,1.39,10.97
kroA200,200,10,4051,29963.00,29368,2.03,10.61

EXPERIMENT 3: Population Size
dataset,p,run,seed,best_cost,time_seconds
berlin52,50,1,2042,7542.00,0.76
berlin52,50,2,2043,7542.00,0.75
berlin52,50,3,2044,7542.00,0.76
berlin52,50,4,2045,7542.00,0.78
berlin52,50,5,2046,7542.00,0.76
berlin52,50,6,2047,7542.00,0.75
berlin52,50,7,2048,7542.00,0.75
berlin52,50,8,2049,7542.00,0.76
berlin52,50,9,2050,7542.00,0.77
berlin52,50,10,2051,7542.00,0.76
berlin52,100,1,3042,7542.00,1.52
berlin52,100,2,3043,7542.00,1.57
berlin52,100,3,3044,7542.00,1.71
berlin52,100,4,3045,7542.00,1.60
berlin52,100,5,3046,7542.00,1.56
berlin52,100,6,3047,7542.00,1.62
berlin52,100,7,3048,7542.00,1.59
berlin52,100,8,3049,7542.00,1.57
berlin52,100,9,3050,7542.00,1.56
berlin52,100,10,3051,7542.00,1.52
berlin52,150,1,4042,7542.00,2.34
berlin52,150,2,4043,7542.00,2.35
berlin52,150,3,4044,7542.00,2.36
berlin52,150,4,4045,7542.00,2.32
berlin52,150,5,4046,7542.00,2.31
berlin52,150,6,4047,7542.00,2.29
berlin52,150,7,4048,7542.00,2.31
berlin52,150,8,4049,7542.00,2.29
berlin52,150,9,4050,7542.00,2.36
berlin52,150,10,4051,7542.00,2.30
berlin52,200,1,5042,7542.00,3.04
berlin52,200,2,5043,7542.00,3.07
berlin52,200,3,5044,7542.00,3.18
berlin52,200,4,5045,7542.00,3.24
berlin52,200,5,5046,7542.00,3.11
berlin52,200,6,5047,7542.00,3.16
berlin52,200,7,5048,7542.00,3.13
berlin52,200,8,5049,7542.00,3.41
berlin52,200,9,5050,7542.00,3.21
berlin52,200,10,5051,7542.00,3.12

EXPERIMENT 4: Mutation Rate
dataset,m,run,seed,best_cost,time_seconds
berlin52,0.05,1,3042,7542.00,1.56
berlin52,0.05,2,3043,7542.00,1.58
berlin52,0.05,3,3044,7542.00,1.56
berlin52,0.05,4,3045,7542.00,1.56
berlin52,0.05,5,3046,7542.00,1.57
berlin52,0.05,6,3047,7542.00,1.60
berlin52,0.05,7,3048,7542.00,1.60
berlin52,0.05,8,3049,7542.00,1.64
berlin52,0.05,9,3050,7542.00,1.63
berlin52,0.05,10,3051,7542.00,1.72
berlin52,0.1,1,4042,7542.00,1.65
berlin52,0.1,2,4043,7542.00,1.61
berlin52,0.1,3,4044,7542.00,1.60
berlin52,0.1,4,4045,7542.00,1.65
berlin52,0.1,5,4046,7542.00,1.62
berlin52,0.1,6,4047,7542.00,1.58
berlin52,0.1,7,4048,7542.00,1.61
berlin52,0.1,8,4049,7542.00,1.61
berlin52,0.1,9,4050,7542.00,1.67
berlin52,0.1,10,4051,7542.00,1.71
berlin52,0.2,1,5042,7542.00,1.68
berlin52,0.2,2,5043,7542.00,1.64
berlin52,0.2,3,5044,7542.00,1.70
berlin52,0.2,4,5045,7542.00,1.64
berlin52,0.2,5,5046,7542.00,1.63
berlin52,0.2,6,5047,7542.00,1.71
berlin52,0.2,7,5048,7542.00,1.73
berlin52,0.2,8,5049,7542.00,1.66
berlin52,0.2,9,5050,7542.00,1.65
berlin52,0.2,10,5051,7542.00,1.65
berlin52,0.4,1,6042,7542.00,1.72
berlin52,0.4,2,6043,7542.00,1.66
berlin52,0.4,3,6044,7542.00,1.65
berlin52,0.4,4,6045,7542.00,1.75
berlin52,0.4,5,6046,7542.00,1.78
berlin52,0.4,6,6047,7542.00,1.68
berlin52,0.4,7,6048,7542.00,1.64
berlin52,0.4,8,6049,7542.00,1.63
berlin52,0.4,9,6050,7542.00,1.61
berlin52,0.4,10,6051,7542.00,1.66

EXPERIMENT 5: Replacement Rate
dataset,r,run,seed,best_cost,time_seconds
berlin52,0.3,1,4042,7542.00,1.42
berlin52,0.3,2,4043,7542.00,1.42
berlin52,0.3,3,4044,7542.00,1.42
berlin52,0.3,4,4045,7542.00,1.43
berlin52,0.3,5,4046,7542.00,1.46
berlin52,0.3,6,4047,7542.00,1.48
berlin52,0.3,7,4048,7542.00,1.56
berlin52,0.3,8,4049,7542.00,1.55
berlin52,0.3,9,4050,7542.00,1.41
berlin52,0.3,10,4051,7542.00,1.42
berlin52,0.5,1,5042,7542.00,1.54
berlin52,0.5,2,5043,7542.00,1.49
berlin52,0.5,3,5044,7542.00,1.52
berlin52,0.5,4,5045,7542.00,1.51
berlin52,0.5,5,5046,7542.00,1.55
berlin52,0.5,6,5047,7542.00,1.47
berlin52,0.5,7,5048,7542.00,1.48
berlin52,0.5,8,5049,7542.00,1.48
berlin52,0.5,9,5050,7542.00,1.47
berlin52,0.5,10,5051,7542.00,1.45
berlin52,0.7,1,6042,7542.00,1.57
berlin52,0.7,2,6043,7542.00,1.56
berlin52,0.7,3,6044,7542.00,1.55
berlin52,0.7,4,6045,7542.00,1.55
berlin52,0.7,5,6046,7542.00,1.56
berlin52,0.7,6,6047,7542.00,1.57
berlin52,0.7,7,6048,7542.00,1.57
berlin52,0.7,8,6049,7542.00,1.59
berlin52,0.7,9,6050,7542.00,1.72
berlin52,0.7,10,6051,7542.00,1.69
berlin52,0.9,1,7042,7542.00,1.72
berlin52,0.9,2,7043,7542.00,1.70
berlin52,0.9,3,7044,7542.00,1.64
berlin52,0.9,4,7045,7542.00,1.63
berlin52,0.9,5,7046,7542.00,1.62
berlin52,0.9,6,7047,7542.00,1.64
berlin52,0.9,7,7048,7542.00,1.67
berlin52,0.9,8,7049,7542.00,1.72
berlin52,0.9,9,7050,7542.00,1.68
berlin52,0.9,10,7051,7542.00,1.68

