EXPERIMENT 1: Initialization Comparison (burma14)
dataset,init_method,run,seed,best_cost,init_best,gap_percent,time_seconds
burma14,random,1,42,3336.00,4849.00,0.39,0.75
burma14,random,2,43,3323.00,4929.00,0.00,0.73
burma14,random,3,44,3323.00,5146.00,0.00,0.74
burma14,random,4,45,3323.00,5107.00,0.00,0.72
burma14,random,5,46,3336.00,4742.00,0.39,0.76
burma14,random,6,47,3530.00,4929.00,6.23,0.80
burma14,random,7,48,3323.00,5035.00,0.00,0.73
burma14,random,8,49,3323.00,5262.00,0.00,0.73
burma14,random,9,50,3323.00,4786.00,0.00,0.73
burma14,random,10,51,3323.00,5191.00,0.00,0.73
burma14,random,11,52,3336.00,4945.00,0.39,0.73
burma14,random,12,53,3336.00,5066.00,0.39,0.73
burma14,random,13,54,3323.00,5069.00,0.00,0.73
burma14,random,14,55,3323.00,5252.00,0.00,0.73
burma14,random,15,56,3336.00,4839.00,0.39,0.73
burma14,random,16,57,3371.00,4621.00,1.44,0.73
burma14,random,17,58,3323.00,4829.00,0.00,0.73
burma14,random,18,59,3461.00,4988.00,4.15,0.83
burma14,random,19,60,3323.00,4978.00,0.00,0.82
burma14,random,20,61,3323.00,5117.00,0.00,0.74
burma14,random,21,62,3336.00,5008.00,0.39,0.73
burma14,random,22,63,3323.00,5026.00,0.00,0.73
burma14,random,23,64,3323.00,5153.00,0.00,0.73
burma14,random,24,65,3323.00,5019.00,0.00,0.73
burma14,random,25,66,3323.00,5168.00,0.00,0.74
burma14,random,26,67,3323.00,5192.00,0.00,0.74
burma14,random,27,68,3336.00,4977.00,0.39,0.75
burma14,random,28,69,3323.00,5091.00,0.00,0.75
burma14,random,29,70,3323.00,4872.00,0.00,0.73
burma14,random,30,71,3336.00,4763.00,0.39,0.81
burma14,nn,1,42,3323.00,3323.00,0.00,0.77
burma14,nn,2,43,3323.00,3323.00,0.00,0.77
burma14,nn,3,44,3323.00,3323.00,0.00,0.77
burma14,nn,4,45,3323.00,3323.00,0.00,0.77
burma14,nn,5,46,3323.00,3323.00,0.00,0.76
burma14,nn,6,47,3323.00,3323.00,0.00,0.78
burma14,nn,7,48,3323.00,3323.00,0.00,0.80
burma14,nn,8,49,3323.00,3323.00,0.00,0.78
burma14,nn,9,50,3323.00,3323.00,0.00,0.81
burma14,nn,10,51,3323.00,3323.00,0.00,0.77
burma14,nn,11,52,3323.00,3323.00,0.00,0.77
burma14,nn,12,53,3323.00,3323.00,0.00,0.76
burma14,nn,13,54,3323.00,3323.00,0.00,0.77
burma14,nn,14,55,3323.00,3323.00,0.00,0.77
burma14,nn,15,56,3323.00,3323.00,0.00,0.77
burma14,nn,16,57,3323.00,3323.00,0.00,0.80
burma14,nn,17,58,3323.00,3323.00,0.00,0.78
burma14,nn,18,59,3323.00,3323.00,0.00,0.77
burma14,nn,19,60,3323.00,3323.00,0.00,0.76
burma14,nn,20,61,3323.00,3323.00,0.00,0.77
burma14,nn,21,62,3323.00,3323.00,0.00,0.77
burma14,nn,22,63,3323.00,3323.00,0.00,0.76
burma14,nn,23,64,3323.00,3323.00,0.00,0.82
burma14,nn,24,65,3323.00,3323.00,0.00,0.80
burma14,nn,25,66,3323.00,3323.00,0.00,0.82
burma14,nn,26,67,3323.00,3323.00,0.00,0.79
burma14,nn,27,68,3323.00,3323.00,0.00,0.76
burma14,nn,28,69,3323.00,3323.00,0.00,0.76
burma14,nn,29,70,3323.00,3323.00,0.00,0.76
burma14,nn,30,71,3323.00,3323.00,0.00,0.78
burma14,angle,1,42,3336.00,3545.00,0.39,0.80
burma14,angle,2,43,3323.00,3436.00,0.00,0.74
burma14,angle,3,44,3336.00,3590.00,0.39,0.74
burma14,angle,4,45,3323.00,3575.00,0.00,0.76
burma14,angle,5,46,3336.00,3607.00,0.39,0.77
burma14,angle,6,47,3336.00,3546.00,0.39,0.81
burma14,angle,7,48,3323.00,3834.00,0.00,0.74
burma14,angle,8,49,3336.00,3884.00,0.39,0.74
burma14,angle,9,50,3323.00,3886.00,0.00,0.74
burma14,angle,10,51,3336.00,3782.00,0.39,0.73
burma14,angle,11,52,3336.00,3947.00,0.39,0.73
burma14,angle,12,53,3323.00,3745.00,0.00,0.74
burma14,angle,13,54,3323.00,3403.00,0.00,0.74
burma14,angle,14,55,3323.00,3575.00,0.00,0.75
burma14,angle,15,56,3323.00,3820.00,0.00,0.74
burma14,angle,16,57,3323.00,3532.00,0.00,0.74
burma14,angle,17,58,3336.00,3542.00,0.39,0.81
burma14,angle,18,59,3323.00,3739.00,0.00,0.78
burma14,angle,19,60,3336.00,3542.00,0.39,0.73
burma14,angle,20,61,3323.00,3789.00,0.00,0.83
burma14,angle,21,62,3336.00,4021.00,0.39,0.74
burma14,angle,22,63,3336.00,3819.00,0.39,0.81
burma14,angle,23,64,3323.00,3778.00,0.00,0.74
burma14,angle,24,65,3323.00,3964.00,0.00,0.74
burma14,angle,25,66,3336.00,3532.00,0.39,0.73
burma14,angle,26,67,3336.00,3545.00,0.39,0.74
burma14,angle,27,68,3323.00,3801.00,0.00,0.79
burma14,angle,28,69,3336.00,3767.00,0.39,0.74
burma14,angle,29,70,3323.00,3829.00,0.00,0.74
burma14,angle,30,71,3336.00,3664.00,0.39,0.78
burma14,smart,1,42,3323.00,3323.00,0.00,0.75
burma14,smart,2,43,3323.00,3323.00,0.00,0.79
burma14,smart,3,44,3323.00,3323.00,0.00,0.79
burma14,smart,4,45,3323.00,3323.00,0.00,0.74
burma14,smart,5,46,3323.00,3323.00,0.00,0.74
burma14,smart,6,47,3323.00,3323.00,0.00,0.84
burma14,smart,7,48,3323.00,3323.00,0.00,0.75
burma14,smart,8,49,3323.00,3323.00,0.00,0.73
burma14,smart,9,50,3323.00,3323.00,0.00,0.74
burma14,smart,10,51,3323.00,3323.00,0.00,0.81
burma14,smart,11,52,3323.00,3323.00,0.00,0.74
burma14,smart,12,53,3323.00,3323.00,0.00,0.77
burma14,smart,13,54,3323.00,3323.00,0.00,0.93
burma14,smart,14,55,3323.00,3323.00,0.00,0.77
burma14,smart,15,56,3323.00,3323.00,0.00,0.82
burma14,smart,16,57,3323.00,3323.00,0.00,0.95
burma14,smart,17,58,3323.00,3323.00,0.00,0.78
burma14,smart,18,59,3323.00,3323.00,0.00,0.92
burma14,smart,19,60,3323.00,3323.00,0.00,0.88
burma14,smart,20,61,3323.00,3323.00,0.00,0.80
burma14,smart,21,62,3323.00,3323.00,0.00,0.73
burma14,smart,22,63,3323.00,3323.00,0.00,0.73
burma14,smart,23,64,3323.00,3323.00,0.00,0.75
burma14,smart,24,65,3323.00,3323.00,0.00,0.84
burma14,smart,25,66,3323.00,3323.00,0.00,0.74
burma14,smart,26,67,3323.00,3323.00,0.00,0.73
burma14,smart,27,68,3323.00,3323.00,0.00,0.73
burma14,smart,28,69,3323.00,3323.00,0.00,0.73
burma14,smart,29,70,3323.00,3323.00,0.00,0.74
burma14,smart,30,71,3323.00,3323.00,0.00,0.75

EXPERIMENT 1: Initialization Comparison (berlin52)
dataset,init_method,run,seed,best_cost,init_best,gap_percent,time_seconds
berlin52,random,1,100042,8207.00,25360.00,8.82,0.80
berlin52,random,2,100043,8225.00,25497.00,9.06,0.90
berlin52,random,3,100044,8632.00,25681.00,14.45,0.79
berlin52,random,4,100045,8269.00,23896.00,9.64,0.78
berlin52,random,5,100046,7974.00,26010.00,5.73,0.79
berlin52,random,6,100047,8159.00,25281.00,8.18,0.79
berlin52,random,7,100048,8142.00,25621.00,7.96,0.79
berlin52,random,8,100049,8057.00,26170.00,6.83,0.78
berlin52,random,9,100050,7912.00,24629.00,4.91,0.79
berlin52,random,10,100051,8605.00,25793.00,14.09,0.79
berlin52,random,11,100052,8007.00,25448.00,6.17,0.80
berlin52,random,12,100053,8194.00,25707.00,8.64,0.80
berlin52,random,13,100054,8078.00,25887.00,7.11,0.82
berlin52,random,14,100055,8593.00,24995.00,13.94,0.84
berlin52,random,15,100056,8322.00,27112.00,10.34,0.80
berlin52,random,16,100057,8240.00,25586.00,9.25,0.79
berlin52,random,17,100058,8390.00,24631.00,11.24,0.79
berlin52,random,18,100059,8405.00,26204.00,11.44,0.79
berlin52,random,19,100060,8391.00,26224.00,11.26,0.79
berlin52,random,20,100061,8200.00,25706.00,8.72,0.78
berlin52,random,21,100062,7969.00,25097.00,5.66,0.78
berlin52,random,22,100063,8385.00,24866.00,11.18,0.80
berlin52,random,23,100064,8168.00,26560.00,8.30,0.79
berlin52,random,24,100065,8875.00,26633.00,17.67,0.83
berlin52,random,25,100066,8080.00,25537.00,7.13,0.78
berlin52,random,26,100067,7816.00,25484.00,3.63,0.79
berlin52,random,27,100068,8056.00,26527.00,6.82,0.79
berlin52,random,28,100069,8358.00,25806.00,10.82,0.78
berlin52,random,29,100070,8245.00,24966.00,9.32,0.84
berlin52,random,30,100071,8116.00,25452.00,7.61,0.78
berlin52,nn,1,100042,7542.00,7542.00,0.00,1.03
berlin52,nn,2,100043,7542.00,7542.00,0.00,1.07
berlin52,nn,3,100044,7542.00,7542.00,0.00,1.02
berlin52,nn,4,100045,7542.00,7542.00,0.00,1.11
berlin52,nn,5,100046,7542.00,7542.00,0.00,1.09
berlin52,nn,6,100047,7542.00,7542.00,0.00,1.01
berlin52,nn,7,100048,7542.00,7542.00,0.00,1.01
berlin52,nn,8,100049,7542.00,7542.00,0.00,1.01
berlin52,nn,9,100050,7542.00,7542.00,0.00,1.01
berlin52,nn,10,100051,7542.00,7542.00,0.00,1.19
berlin52,nn,11,100052,7542.00,7542.00,0.00,1.09
berlin52,nn,12,100053,7542.00,7542.00,0.00,1.04
berlin52,nn,13,100054,7542.00,7542.00,0.00,1.24
berlin52,nn,14,100055,7542.00,7542.00,0.00,1.14
berlin52,nn,15,100056,7542.00,7542.00,0.00,1.16
berlin52,nn,16,100057,7542.00,7542.00,0.00,1.03
berlin52,nn,17,100058,7542.00,7542.00,0.00,1.02
berlin52,nn,18,100059,7542.00,7542.00,0.00,1.20
berlin52,nn,19,100060,7542.00,7542.00,0.00,1.04
berlin52,nn,20,100061,7542.00,7542.00,0.00,1.01
berlin52,nn,21,100062,7542.00,7542.00,0.00,1.03
berlin52,nn,22,100063,7542.00,7542.00,0.00,1.02
berlin52,nn,23,100064,7542.00,7542.00,0.00,1.01
berlin52,nn,24,100065,7542.00,7542.00,0.00,1.01
berlin52,nn,25,100066,7542.00,7542.00,0.00,1.01
berlin52,nn,26,100067,7542.00,7542.00,0.00,1.03
berlin52,nn,27,100068,7542.00,7542.00,0.00,1.01
berlin52,nn,28,100069,7542.00,7542.00,0.00,1.01
berlin52,nn,29,100070,7542.00,7542.00,0.00,1.03
berlin52,nn,30,100071,7542.00,7542.00,0.00,1.12
berlin52,angle,1,100042,8553.00,14517.00,13.40,0.80
berlin52,angle,2,100043,8261.00,14008.00,9.53,0.78
berlin52,angle,3,100044,8446.00,13750.00,11.99,0.78
berlin52,angle,4,100045,8797.00,13997.00,16.64,0.79
berlin52,angle,5,100046,8267.00,14650.00,9.61,0.79
berlin52,angle,6,100047,8743.00,13736.00,15.92,0.78
berlin52,angle,7,100048,7945.00,14626.00,5.34,0.83
berlin52,angle,8,100049,8414.00,14808.00,11.56,0.92
berlin52,angle,9,100050,8610.00,14856.00,14.16,0.86
berlin52,angle,10,100051,8377.00,14152.00,11.07,0.82
berlin52,angle,11,100052,8422.00,14755.00,11.67,0.85
berlin52,angle,12,100053,8380.00,14194.00,11.11,0.81
berlin52,angle,13,100054,8348.00,14630.00,10.69,0.79
berlin52,angle,14,100055,8638.00,14893.00,14.53,0.80
berlin52,angle,15,100056,8382.00,14838.00,11.14,0.79
berlin52,angle,16,100057,8088.00,14581.00,7.24,0.78
berlin52,angle,17,100058,8235.00,14092.00,9.19,0.78
berlin52,angle,18,100059,7909.00,14206.00,4.87,0.78
berlin52,angle,19,100060,7845.00,14793.00,4.02,0.79
berlin52,angle,20,100061,8780.00,14878.00,16.41,0.78
berlin52,angle,21,100062,8010.00,14323.00,6.21,0.79
berlin52,angle,22,100063,7955.00,14413.00,5.48,0.78
berlin52,angle,23,100064,8207.00,14750.00,8.82,0.78
berlin52,angle,24,100065,8648.00,14420.00,14.66,0.78
berlin52,angle,25,100066,8472.00,14673.00,12.33,0.79
berlin52,angle,26,100067,8745.00,14612.00,15.95,0.79
berlin52,angle,27,100068,8532.00,14747.00,13.13,0.82
berlin52,angle,28,100069,7910.00,14617.00,4.88,0.88
berlin52,angle,29,100070,8437.00,13722.00,11.87,0.92
berlin52,angle,30,100071,8138.00,14811.00,7.90,1.09
berlin52,smart,1,100042,7542.00,7542.00,0.00,0.90
berlin52,smart,2,100043,7542.00,7542.00,0.00,0.86
berlin52,smart,3,100044,7542.00,7542.00,0.00,0.84
berlin52,smart,4,100045,7542.00,7542.00,0.00,0.85
berlin52,smart,5,100046,7542.00,7542.00,0.00,0.88
berlin52,smart,6,100047,7542.00,7542.00,0.00,0.89
berlin52,smart,7,100048,7542.00,7542.00,0.00,0.87
berlin52,smart,8,100049,7542.00,7542.00,0.00,0.92
berlin52,smart,9,100050,7542.00,7542.00,0.00,0.89
berlin52,smart,10,100051,7542.00,7542.00,0.00,1.04
berlin52,smart,11,100052,7542.00,7542.00,0.00,0.87
berlin52,smart,12,100053,7542.00,7542.00,0.00,0.98
berlin52,smart,13,100054,7542.00,7542.00,0.00,0.85
berlin52,smart,14,100055,7542.00,7542.00,0.00,0.85
berlin52,smart,15,100056,7542.00,7542.00,0.00,0.86
berlin52,smart,16,100057,7542.00,7542.00,0.00,0.85
berlin52,smart,17,100058,7542.00,7542.00,0.00,0.84
berlin52,smart,18,100059,7542.00,7542.00,0.00,0.84
berlin52,smart,19,100060,7542.00,7542.00,0.00,0.84
berlin52,smart,20,100061,7542.00,7542.00,0.00,0.84
berlin52,smart,21,100062,7542.00,7542.00,0.00,0.84
berlin52,smart,22,100063,7542.00,7542.00,0.00,0.85
berlin52,smart,23,100064,7542.00,7542.00,0.00,0.85
berlin52,smart,24,100065,7542.00,7542.00,0.00,0.85
berlin52,smart,25,100066,7542.00,7542.00,0.00,0.85
berlin52,smart,26,100067,7542.00,7542.00,0.00,0.84
berlin52,smart,27,100068,7542.00,7542.00,0.00,0.84
berlin52,smart,28,100069,7542.00,7542.00,0.00,0.84
berlin52,smart,29,100070,7542.00,7542.00,0.00,0.84
berlin52,smart,30,100071,7542.00,7542.00,0.00,0.85

EXPERIMENT 1: Initialization Comparison (kroA100)
dataset,init_method,run,seed,best_cost,init_best,gap_percent,time_seconds
kroA100,random,1,200042,32656.00,150866.00,53.44,1.47
kroA100,random,2,200043,28550.00,152305.00,34.15,1.40
kroA100,random,3,200044,30711.00,155676.00,44.31,1.42
kroA100,random,4,200045,29940.00,151982.00,40.68,1.41
kroA100,random,5,200046,30628.00,149573.00,43.92,1.41
kroA100,random,6,200047,30325.00,151620.00,42.49,1.41
kroA100,random,7,200048,30893.00,154023.00,45.16,1.42
kroA100,random,8,200049,31019.00,155163.00,45.75,1.44
kroA100,random,9,200050,31938.00,150668.00,50.07,1.71
kroA100,random,10,200051,30441.00,153228.00,43.04,1.68
kroA100,random,11,200052,30755.00,152974.00,44.51,1.45
kroA100,random,12,200053,29960.00,149792.00,40.78,1.43
kroA100,random,13,200054,32619.00,151785.00,53.27,1.42
kroA100,random,14,200055,31873.00,150983.00,49.77,1.41
kroA100,random,15,200056,27664.00,146745.00,29.99,1.44
kroA100,random,16,200057,30712.00,152099.00,44.31,1.43
kroA100,random,17,200058,30635.00,149159.00,43.95,1.44
kroA100,random,18,200059,32132.00,149284.00,50.98,1.46
kroA100,random,19,200060,30190.00,147454.00,41.86,1.46
kroA100,random,20,200061,29785.00,145966.00,39.95,1.42
kroA100,random,21,200062,32977.00,149103.00,54.95,1.41
kroA100,random,22,200063,32116.00,153796.00,50.91,1.41
kroA100,random,23,200064,29228.00,155585.00,37.34,1.41
kroA100,random,24,200065,32876.00,152468.00,54.48,1.41
kroA100,random,25,200066,31634.00,148402.00,48.64,1.40
kroA100,random,26,200067,34100.00,149128.00,60.23,1.41
kroA100,random,27,200068,28307.00,153741.00,33.01,1.42
kroA100,random,28,200069,30022.00,144630.00,41.07,1.41
kroA100,random,29,200070,28334.00,149245.00,33.14,1.41
kroA100,random,30,200071,29674.00,153665.00,39.43,1.40
kroA100,nn,1,200042,21662.00,21689.00,1.79,2.84
kroA100,nn,2,200043,21689.00,21689.00,1.91,2.82
kroA100,nn,3,200044,21458.00,21689.00,0.83,2.84
kroA100,nn,4,200045,21689.00,21689.00,1.91,2.82
kroA100,nn,5,200046,21689.00,21689.00,1.91,2.82
kroA100,nn,6,200047,21689.00,21689.00,1.91,2.82
kroA100,nn,7,200048,21468.00,21689.00,0.87,2.83
kroA100,nn,8,200049,21458.00,21689.00,0.83,2.82
kroA100,nn,9,200050,21595.00,21689.00,1.47,2.83
kroA100,nn,10,200051,21689.00,21689.00,1.91,2.86
kroA100,nn,11,200052,21689.00,21689.00,1.91,2.84
kroA100,nn,12,200053,21458.00,21689.00,0.83,3.53
kroA100,nn,13,200054,21689.00,21689.00,1.91,2.89
kroA100,nn,14,200055,21689.00,21689.00,1.91,2.82
kroA100,nn,15,200056,21689.00,21689.00,1.91,2.94
kroA100,nn,16,200057,21689.00,21689.00,1.91,2.88
kroA100,nn,17,200058,21458.00,21689.00,0.83,3.30
kroA100,nn,18,200059,21689.00,21689.00,1.91,4.02
kroA100,nn,19,200060,21458.00,21689.00,0.83,3.26
kroA100,nn,20,200061,21689.00,21689.00,1.91,2.89
kroA100,nn,21,200062,21689.00,21689.00,1.91,2.86
kroA100,nn,22,200063,21427.00,21689.00,0.68,3.38
kroA100,nn,23,200064,21689.00,21689.00,1.91,2.87
kroA100,nn,24,200065,21458.00,21689.00,0.83,2.90
kroA100,nn,25,200066,21595.00,21689.00,1.47,2.90
kroA100,nn,26,200067,21458.00,21689.00,0.83,2.87
kroA100,nn,27,200068,21672.00,21689.00,1.83,3.17
kroA100,nn,28,200069,21689.00,21689.00,1.91,3.22
kroA100,nn,29,200070,21689.00,21689.00,1.91,3.27
kroA100,nn,30,200071,21689.00,21689.00,1.91,3.00
kroA100,angle,1,200042,25061.00,50436.00,17.76,1.43
kroA100,angle,2,200043,26127.00,51626.00,22.77,1.74
kroA100,angle,3,200044,25994.00,51117.00,22.14,1.62
kroA100,angle,4,200045,27417.00,52772.00,28.83,1.47
kroA100,angle,5,200046,27377.00,51515.00,28.64,1.47
kroA100,angle,6,200047,26435.00,54682.00,24.21,1.43
kroA100,angle,7,200048,24788.00,50606.00,16.47,1.55
kroA100,angle,8,200049,26181.00,52984.00,23.02,1.58
kroA100,angle,9,200050,27074.00,49686.00,27.22,1.56
kroA100,angle,10,200051,26336.00,52767.00,23.75,1.63
kroA100,angle,11,200052,28325.00,52582.00,33.09,1.48
kroA100,angle,12,200053,27283.00,50128.00,28.20,1.47
kroA100,angle,13,200054,26265.00,50116.00,23.41,1.46
kroA100,angle,14,200055,28323.00,50008.00,33.08,1.49
kroA100,angle,15,200056,27368.00,50939.00,28.60,1.47
kroA100,angle,16,200057,26458.00,53237.00,24.32,1.54
kroA100,angle,17,200058,25843.00,52802.00,21.43,1.60
kroA100,angle,18,200059,25616.00,53569.00,20.36,1.51
kroA100,angle,19,200060,25482.00,51524.00,19.73,1.46
kroA100,angle,20,200061,24865.00,50700.00,16.84,1.46
kroA100,angle,21,200062,27830.00,53924.00,30.77,1.41
kroA100,angle,22,200063,25885.00,52207.00,21.63,1.42
kroA100,angle,23,200064,25365.00,53806.00,19.19,1.43
kroA100,angle,24,200065,27338.00,52130.00,28.46,1.44
kroA100,angle,25,200066,25532.00,51836.00,19.97,1.43
kroA100,angle,26,200067,25655.00,51149.00,20.55,1.45
kroA100,angle,27,200068,27658.00,52062.00,29.96,1.47
kroA100,angle,28,200069,27938.00,52475.00,31.28,1.47
kroA100,angle,29,200070,26470.00,51109.00,24.38,1.45
kroA100,angle,30,200071,26315.00,51642.00,23.65,1.44
kroA100,smart,1,200042,21689.00,21689.00,1.91,1.94
kroA100,smart,2,200043,21689.00,21689.00,1.91,1.92
kroA100,smart,3,200044,21689.00,21689.00,1.91,1.94
kroA100,smart,4,200045,21689.00,21689.00,1.91,1.93
kroA100,smart,5,200046,21689.00,21689.00,1.91,1.93
kroA100,smart,6,200047,21689.00,21689.00,1.91,1.93
kroA100,smart,7,200048,21689.00,21689.00,1.91,1.92
kroA100,smart,8,200049,21689.00,21689.00,1.91,1.92
kroA100,smart,9,200050,21689.00,21689.00,1.91,1.91
kroA100,smart,10,200051,21689.00,21689.00,1.91,1.92
kroA100,smart,11,200052,21689.00,21689.00,1.91,1.91
kroA100,smart,12,200053,21689.00,21689.00,1.91,1.93
kroA100,smart,13,200054,21689.00,21689.00,1.91,1.94
kroA100,smart,14,200055,21689.00,21689.00,1.91,1.92
kroA100,smart,15,200056,21526.00,21689.00,1.15,1.95
kroA100,smart,16,200057,21689.00,21689.00,1.91,1.94
kroA100,smart,17,200058,21689.00,21689.00,1.91,1.94
kroA100,smart,18,200059,21689.00,21689.00,1.91,1.94
kroA100,smart,19,200060,21689.00,21689.00,1.91,1.99
kroA100,smart,20,200061,21689.00,21689.00,1.91,1.92
kroA100,smart,21,200062,21689.00,21689.00,1.91,1.91
kroA100,smart,22,200063,21689.00,21689.00,1.91,1.93
kroA100,smart,23,200064,21689.00,21689.00,1.91,1.92
kroA100,smart,24,200065,21689.00,21689.00,1.91,1.91
kroA100,smart,25,200066,21689.00,21689.00,1.91,1.91
kroA100,smart,26,200067,21689.00,21689.00,1.91,1.94
kroA100,smart,27,200068,21689.00,21689.00,1.91,1.92
kroA100,smart,28,200069,21689.00,21689.00,1.91,1.92
kroA100,smart,29,200070,21689.00,21689.00,1.91,1.92
kroA100,smart,30,200071,21689.00,21689.00,1.91,1.91

EXPERIMENT 1: Initialization Comparison (kroA200)
dataset,init_method,run,seed,best_cost,init_best,gap_percent,time_seconds
kroA200,random,1,300042,78251.00,311818.00,166.45,2.82
kroA200,random,2,300043,76660.00,310787.00,161.03,2.69
kroA200,random,3,300044,74987.00,313770.00,155.34,2.71
kroA200,random,4,300045,82579.00,313172.00,181.19,2.70
kroA200,random,5,300046,76236.00,302347.00,159.59,2.70
kroA200,random,6,300047,77215.00,304536.00,162.92,2.70
kroA200,random,7,300048,74200.00,309686.00,152.66,2.68
kroA200,random,8,300049,81154.00,316224.00,176.33,2.68
kroA200,random,9,300050,73547.00,311452.00,150.43,2.68
kroA200,random,10,300051,78420.00,313018.00,167.03,2.67
kroA200,random,11,300052,73932.00,310066.00,151.74,2.68
kroA200,random,12,300053,73381.00,312820.00,149.87,2.67
kroA200,random,13,300054,79005.00,309557.00,169.02,2.68
kroA200,random,14,300055,82106.00,310871.00,179.58,2.66
kroA200,random,15,300056,75634.00,308602.00,157.54,2.74
kroA200,random,16,300057,81971.00,313069.00,179.12,2.94
kroA200,random,17,300058,76812.00,310945.00,161.55,2.72
kroA200,random,18,300059,76847.00,312277.00,161.67,2.74
kroA200,random,19,300060,76867.00,318148.00,161.74,2.68
kroA200,random,20,300061,76696.00,314387.00,161.15,2.75
kroA200,random,21,300062,79416.00,299470.00,170.42,2.91
kroA200,random,22,300063,76915.00,309442.00,161.90,2.92
kroA200,random,23,300064,74143.00,313039.00,152.46,3.01
kroA200,random,24,300065,78183.00,313196.00,166.22,2.69
kroA200,random,25,300066,79182.00,316000.00,169.62,2.68
kroA200,random,26,300067,76026.00,306044.00,158.87,3.02
kroA200,random,27,300068,76129.00,310669.00,159.22,2.82
kroA200,random,28,300069,77594.00,309949.00,164.21,2.72
kroA200,random,29,300070,76410.00,315540.00,160.18,2.76
kroA200,random,30,300071,73935.00,314336.00,151.75,2.69
kroA200,nn,1,300042,29860.00,30028.00,1.68,12.32
kroA200,nn,2,300043,30028.00,30028.00,2.25,12.22
kroA200,nn,3,300044,29867.00,30028.00,1.70,12.85
kroA200,nn,4,300045,30028.00,30028.00,2.25,13.02
kroA200,nn,5,300046,30028.00,30028.00,2.25,12.59
kroA200,nn,6,300047,30028.00,30028.00,2.25,12.36
kroA200,nn,7,300048,29973.00,30028.00,2.06,12.68
kroA200,nn,8,300049,30015.00,30028.00,2.20,12.39
kroA200,nn,9,300050,30028.00,30028.00,2.25,12.47
kroA200,nn,10,300051,30028.00,30028.00,2.25,12.45
kroA200,nn,11,300052,30028.00,30028.00,2.25,12.32
kroA200,nn,12,300053,29849.00,30028.00,1.64,12.32
kroA200,nn,13,300054,30028.00,30028.00,2.25,12.31
kroA200,nn,14,300055,29812.00,30028.00,1.51,12.62
kroA200,nn,15,300056,30028.00,30028.00,2.25,12.50
kroA200,nn,16,300057,30015.00,30028.00,2.20,12.52
kroA200,nn,17,300058,30028.00,30028.00,2.25,12.74
kroA200,nn,18,300059,29849.00,30028.00,1.64,12.72
kroA200,nn,19,300060,30028.00,30028.00,2.25,12.63
kroA200,nn,20,300061,30028.00,30028.00,2.25,12.78
kroA200,nn,21,300062,30028.00,30028.00,2.25,12.50
kroA200,nn,22,300063,30028.00,30028.00,2.25,12.36
kroA200,nn,23,300064,29793.00,30028.00,1.45,12.36
kroA200,nn,24,300065,30028.00,30028.00,2.25,12.33
kroA200,nn,25,300066,30028.00,30028.00,2.25,12.49
kroA200,nn,26,300067,29935.00,30028.00,1.93,13.09
kroA200,nn,27,300068,29849.00,30028.00,1.64,13.11
kroA200,nn,28,300069,30028.00,30028.00,2.25,12.41
kroA200,nn,29,300070,30028.00,30028.00,2.25,12.37
kroA200,nn,30,300071,30028.00,30028.00,2.25,12.58
kroA200,angle,1,300042,50921.00,89086.00,73.39,2.79
kroA200,angle,2,300043,54487.00,87953.00,85.53,2.70
kroA200,angle,3,300044,49019.00,90705.00,66.91,2.73
kroA200,angle,4,300045,48144.00,88097.00,63.93,2.77
kroA200,angle,5,300046,49465.00,90647.00,68.43,2.74
kroA200,angle,6,300047,48130.00,90524.00,63.89,2.71
kroA200,angle,7,300048,49919.00,88255.00,69.98,2.69
kroA200,angle,8,300049,50374.00,88359.00,71.53,2.75
kroA200,angle,9,300050,52909.00,89678.00,80.16,2.74
kroA200,angle,10,300051,51160.00,87419.00,74.20,2.74
kroA200,angle,11,300052,50739.00,90903.00,72.77,2.82
kroA200,angle,12,300053,51278.00,89603.00,74.61,2.87
kroA200,angle,13,300054,50154.00,88648.00,70.78,2.74
kroA200,angle,14,300055,48598.00,89971.00,65.48,2.79
kroA200,angle,15,300056,51244.00,88784.00,74.49,2.75
kroA200,angle,16,300057,51475.00,88697.00,75.28,2.84
kroA200,angle,17,300058,49636.00,88074.00,69.01,2.86
kroA200,angle,18,300059,50175.00,86768.00,70.85,2.81
kroA200,angle,19,300060,48256.00,86979.00,64.31,2.86
kroA200,angle,20,300061,51336.00,91466.00,74.80,2.81
kroA200,angle,21,300062,52037.00,87471.00,77.19,2.81
kroA200,angle,22,300063,49381.00,89550.00,68.15,2.85
kroA200,angle,23,300064,48686.00,88923.00,65.78,2.88
kroA200,angle,24,300065,50106.00,90162.00,70.61,2.92
kroA200,angle,25,300066,49287.00,87555.00,67.83,2.87
kroA200,angle,26,300067,50072.00,88504.00,70.50,2.76
kroA200,angle,27,300068,49426.00,87906.00,68.30,2.83
kroA200,angle,28,300069,48690.00,88034.00,65.79,2.86
kroA200,angle,29,300070,52684.00,89817.00,79.39,2.82
kroA200,angle,30,300071,48678.00,87213.00,65.75,2.82
kroA200,smart,1,300042,30028.00,30028.00,2.25,6.97
kroA200,smart,2,300043,29883.00,30028.00,1.75,6.95
kroA200,smart,3,300044,29849.00,30028.00,1.64,7.40
kroA200,smart,4,300045,30028.00,30028.00,2.25,7.22
kroA200,smart,5,300046,30028.00,30028.00,2.25,6.95
kroA200,smart,6,300047,30028.00,30028.00,2.25,7.24
kroA200,smart,7,300048,29856.00,30028.00,1.66,7.01
kroA200,smart,8,300049,29777.00,30028.00,1.39,6.98
kroA200,smart,9,300050,29883.00,30028.00,1.75,7.03
kroA200,smart,10,300051,30028.00,30028.00,2.25,7.11
kroA200,smart,11,300052,30028.00,30028.00,2.25,7.04
kroA200,smart,12,300053,30028.00,30028.00,2.25,7.22
kroA200,smart,13,300054,30028.00,30028.00,2.25,7.35
kroA200,smart,14,300055,29956.00,30028.00,2.00,7.22
kroA200,smart,15,300056,30028.00,30028.00,2.25,7.19
kroA200,smart,16,300057,29956.00,30028.00,2.00,7.43
kroA200,smart,17,300058,30028.00,30028.00,2.25,7.19
kroA200,smart,18,300059,29849.00,30028.00,1.64,7.78
kroA200,smart,19,300060,30028.00,30028.00,2.25,7.25
kroA200,smart,20,300061,30028.00,30028.00,2.25,6.92
kroA200,smart,21,300062,29849.00,30028.00,1.64,7.19
kroA200,smart,22,300063,29704.00,30028.00,1.14,6.80
kroA200,smart,23,300064,29849.00,30028.00,1.64,6.99
kroA200,smart,24,300065,29849.00,30028.00,1.64,7.09
kroA200,smart,25,300066,29778.00,30028.00,1.40,7.32
kroA200,smart,26,300067,30028.00,30028.00,2.25,7.63
kroA200,smart,27,300068,30028.00,30028.00,2.25,8.01
kroA200,smart,28,300069,30028.00,30028.00,2.25,9.13
kroA200,smart,29,300070,29856.00,30028.00,1.66,8.02
kroA200,smart,30,300071,29956.00,30028.00,2.00,7.66

